1.831509	6.143298	17.282960	0.021210	0.006365
1.292664	7.006949	16.739143	0.011678	0.003347
1.798345	6.592202	16.949357	0.006829	0.002328
2.129919	6.483330	17.162113	0.005213	0.001764
2.277908	6.582184	16.908332	0.004348	0.001412
2.739450	6.393098	16.954402	0.003749	0.001177
3.044605	6.343371	16.863639	0.003406	0.001002
3.387819	6.224596	16.718018	0.003170	0.000869
3.516764	6.396023	16.980198	0.003015	0.000764
3.629795	6.515473	17.226473	0.002877	0.000682
3.862521	6.536012	17.103629	0.002756	0.000617
4.117228	6.542838	17.137625	0.002661	0.000563
4.327934	6.592889	17.275371	0.002585	0.000518
4.515187	6.651991	17.335070	0.002519	0.000479
4.660200	6.787381	17.930285	0.002458	0.000446
4.832957	6.872888	18.109005	0.002397	0.000418
5.036683	6.913370	18.054323	0.002335	0.000393
5.208186	7.006267	18.220475	0.002271	0.000373
5.403328	7.061086	18.200959	0.002201	0.000355
5.604411	7.151336	18.437005	0.002124	0.000340
5.788071	7.229399	18.503827	0.002039	0.000328
5.939602	7.248919	18.055768	0.001946	0.000318
6.165445	7.323341	18.269532	0.001852	0.000310
6.367524	7.397656	18.363227	0.001751	0.000304
6.545114	7.450865	18.226293	0.001646	0.000299
6.714722	7.515696	18.123469	0.001543	0.000296
6.876734	7.550759	17.834018	0.001442	0.000295
7.094568	7.630580	18.115630	0.001346	0.000294
7.303311	7.723937	18.540058	0.001253	0.000294
7.479538	7.806224	18.777999	0.001163	0.000295
7.679460	7.862480	18.741157	0.001080	0.000296
7.889707	7.910392	18.726998	0.001003	0.000298
8.088870	8.001917	19.067037	0.000932	0.000300
8.274498	8.068839	19.182251	0.000868	0.000303
8.480132	8.164854	19.549104	0.000809	0.000306
8.631885	8.207823	19.308647	0.000756	0.000309
8.771067	8.221615	18.866812	0.000709	0.000313
8.943634	8.276423	18.972345	0.000666	0.000317
9.091554	8.301043	18.826193	0.000628	0.000321
9.309547	8.398353	19.210759	0.000594	0.000325
9.514221	8.496824	19.838726	0.000562	0.000330
9.679516	8.537035	19.686331	0.000534	0.000336
9.875422	8.604326	19.862693	0.000508	0.000342
10.075418	8.683198	20.202053	0.000485	0.000348
10.290681	8.769221	20.519311	0.000463	0.000355
10.442829	8.818836	20.466991	0.000444	0.000362
10.621922	8.883814	20.548617	0.000426	0.000369
10.808895	8.965611	20.847270	0.000411	0.000377
11.000172	9.032640	20.821472	0.000396	0.000386
11.218611	9.128498	21.168146	0.000383	0.000395
11.460226	9.229146	21.560640	0.000370	0.000404
11.683066	9.315539	21.833806	0.000359	0.000414
11.793278	9.357465	21.567306	0.000349	0.000425
12.009155	9.436190	21.697370	0.000340	0.000435
12.203514	9.504172	21.585322	0.000331	0.000446
12.405856	9.584441	21.791513	0.000323	0.000458
12.591855	9.660889	21.819914	0.000316	0.000470
12.846576	9.752628	22.098744	0.000309	0.000482
13.007515	9.826728	22.113567	0.000303	0.000494
13.176025	9.898348	22.142023	0.000298	0.000506
13.301071	9.974678	22.165398	0.000292	0.000518
13.525746	10.051356	22.350700	0.000287	0.000531
13.724595	10.126512	22.379409	0.000283	0.000543
13.888455	10.207578	22.562638	0.000279	0.000556
14.047810	10.292098	22.744824	0.000275	0.000568
14.222192	10.373689	22.885380	0.000271	0.000580
14.404400	10.452323	22.954734	0.000268	0.000593
14.556521	10.543000	23.093830	0.000264	0.000605
14.752881	10.617425	23.155975	0.000261	0.000616
14.929965	10.701415	23.345240	0.000259	0.000628
15.103698	10.783609	23.287699	0.000256	0.000639
15.274115	10.871560	23.369087	0.000254	0.000649
15.457630	10.955915	23.483243	0.000251	0.000660
15.590306	11.068920	23.684869	0.000249	0.000670
15.782585	11.139307	23.609091	0.000247	0.000679
16.004327	11.191737	23.584556	0.000246	0.000689
16.162700	11.288307	23.750625	0.000244	0.000697
16.371344	11.342209	23.744565	0.000242	0.000705
16.551975	11.426547	23.973882	0.000241	0.000713
16.729093	11.516056	24.132564	0.000239	0.000720
16.908742	11.600719	24.166464	0.000238	0.000726
17.089478	11.675220	24.175907	0.000237	0.000732
17.249552	11.775667	24.229641	0.000236	0.000738
17.431991	11.853907	24.376820	0.000235	0.000743
17.617649	11.935401	24.402504	0.000234	0.000747
17.813759	12.008193	24.631750	0.000233	0.000751
17.984479	12.099636	24.741422	0.000232	0.000755
18.188711	12.157079	24.802988	0.000232	0.000758
18.384728	12.226223	24.808856	0.000231	0.000760
18.521670	12.360359	25.160510	0.000231	0.000762
18.733088	12.410792	25.083158	0.000230	0.000763
18.889570	12.537002	25.425958	0.000230	0.000764
19.042450	12.669104	25.570759	0.000229	0.000765
19.236930	12.739023	25.556592	0.000229	0.000765
19.464457	12.771419	25.214257	0.000229	0.000765
19.599543	12.926812	25.419019	0.000229	0.000764
19.816491	12.958657	25.316583	0.000229	0.000764
19.999541	13.047207	25.442131	0.000229	0.000763
20.163244	13.165205	25.695741	0.000229	0.000761
20.332559	13.270352	25.749665	0.000229	0.000759
20.491483	13.384218	25.812772	0.000229	0.000757
