2.019364	6.005990	0.300561	1.831509	6.143298	0.301645
2.038188	6.011824	0.298789	1.850606	6.149240	0.301745
2.057321	6.017718	0.298342	1.869703	6.155184	0.301845
2.078455	6.024217	0.299617	1.888798	6.161129	0.301945
2.098827	6.030510	0.301203	1.907894	6.167077	0.302045
2.115922	6.035821	0.300678	1.926988	6.173026	0.302145
2.130136	6.040228	0.300238	1.946082	6.178978	0.302245
2.147657	6.045653	0.299449	1.965176	6.184931	0.302345
2.165565	6.051181	0.299889	1.984268	6.190886	0.302445
2.186620	6.057692	0.299506	2.003361	6.196843	0.302545
2.209760	6.064837	0.299319	1.292664	7.006949	0.292153
2.228639	6.070663	0.299048	1.311816	7.012709	0.292253
2.250532	6.077413	0.300073	1.330968	7.018471	0.292353
2.269521	6.083288	0.301527	1.350120	7.024236	0.292453
2.291513	6.090128	0.302636	1.369271	7.030002	0.292553
2.310139	6.095944	0.302934	1.388421	7.035770	0.292653
2.330067	6.102172	0.302906	1.407570	7.041539	0.292753
2.349995	6.108400	0.303651	1.426719	7.047311	0.292853
2.372470	6.115443	0.304221	1.445868	7.053085	0.292953
2.388335	6.120424	0.303707	1.465016	7.058861	0.293053
2.408695	6.126805	0.303957	1.798345	6.592202	0.295822
2.426667	6.132442	0.303953	1.817476	6.598033	0.295922
2.447987	6.139129	0.304190	1.836607	6.603865	0.296022
2.463157	6.143892	0.302835	1.855737	6.609700	0.296122
2.478974	6.148833	0.301195	1.874866	6.615536	0.296222
2.495943	6.154105	0.302419	1.893995	6.621374	0.296322
2.512005	6.159116	0.301791	1.913124	6.627214	0.296422
2.528275	6.164181	0.303374	1.932251	6.633056	0.296522
2.547147	6.170089	0.303800	1.951378	6.638900	0.296622
2.567672	6.176523	0.304885	1.970505	6.644746	0.296722
2.586603	6.182481	0.305374	2.129919	6.483330	0.299535
2.603699	6.187870	0.303390	2.149028	6.489231	0.299635
2.628352	6.195588	0.300285	2.168137	6.495135	0.299735
2.647983	6.201666	0.300658	2.187245	6.501040	0.299835
2.663083	6.206349	0.301068	2.206353	6.506947	0.299935
2.685741	6.213384	0.302223	2.225460	6.512857	0.300035
2.705607	6.219578	0.303742	2.244567	6.518768	0.300135
2.724689	6.225559	0.302761	2.263672	6.524681	0.300235
2.745548	6.232074	0.302987	2.282778	6.530595	0.300335
2.763873	6.237803	0.302729	2.301883	6.536512	0.300435
2.781876	6.243426	0.303711	2.277908	6.582184	0.295106
2.801701	6.249639	0.303176	2.297043	6.588001	0.295206
2.820064	6.255383	0.304634	2.316178	6.593819	0.295306
2.838541	6.261193	0.304125	2.335312	6.599640	0.295406
2.860149	6.267975	0.304017	2.354446	6.605463	0.295506
2.879269	6.273974	0.304026	2.373579	6.611287	0.295606
2.898890	6.280130	0.303809	2.392712	6.617114	0.295706
2.914897	6.285148	0.304695	2.411844	6.622942	0.295806
2.933458	6.290985	0.304736	2.430975	6.628772	0.295906
2.953211	6.297198	0.303061	2.450106	6.634604	0.296006
2.972197	6.303135	0.303290	2.739450	6.393098	0.295910
2.988350	6.308190	0.303777	2.758581	6.398930	0.296010
3.006203	6.313787	0.302977	2.777711	6.404764	0.296110
3.025438	6.319800	0.301395	2.796841	6.410600	0.296210
3.043414	6.325388	0.299121	2.815970	6.416438	0.296310
3.061793	6.331055	0.299091	2.835098	6.422278	0.296410
3.079030	6.336370	0.300366	2.854226	6.428120	0.296510
3.100064	6.342885	0.300931	2.873353	6.433964	0.296610
3.117362	6.348254	0.302092	2.892480	6.439809	0.296710
3.133498	6.353282	0.301667	2.911606	6.445657	0.296810
3.150519	6.358578	0.299898	3.044605	6.343371	0.294326
3.172543	6.365389	0.299603	3.063745	6.349172	0.294426
3.193528	6.371871	0.300383	3.082884	6.354976	0.294526
3.212093	6.377622	0.300256	3.102023	6.360782	0.294626
3.229047	6.382871	0.300317	3.121161	6.366590	0.294726
3.248414	6.388869	0.300245	3.140299	6.372399	0.294826
3.267278	6.394709	0.299977	3.159436	6.378211	0.294926
3.289278	6.401514	0.300108	3.178572	6.384024	0.295026
3.308098	6.407338	0.299775	3.197708	6.389839	0.295126
3.329085	6.413825	0.299290	3.216844	6.395656	0.295226
3.347952	6.419646	0.299638	3.387819	6.224596	0.291784
3.369774	6.426388	0.299034	3.406973	6.230349	0.291884
3.387263	6.431779	0.300301	3.426127	6.236104	0.291984
3.408898	6.438479	0.301417	3.445281	6.241861	0.292084
3.427826	6.444363	0.300948	3.464434	6.247620	0.292184
3.446770	6.450243	0.300985	3.483586	6.253381	0.292284
3.464909	6.455874	0.300583	3.502738	6.259144	0.292384
3.484873	6.462062	0.301633	3.521889	6.264909	0.292484
3.502186	6.467449	0.301396	3.541040	6.270675	0.292584
3.524767	6.474468	0.301742	3.560190	6.276444	0.292684
3.542359	6.479944	0.301454	3.516764	6.396023	0.296360
3.563147	6.486408	0.301306	3.535892	6.401864	0.296460
3.581489	6.492107	0.300210	3.555020	6.407706	0.296560
3.598207	6.497283	0.299995	3.574147	6.413551	0.296660
3.619138	6.503757	0.300531	3.593273	6.419398	0.296760
3.635556	6.508846	0.300067	3.612399	6.425246	0.296860
3.654758	6.514787	0.299436	3.631524	6.431097	0.296960
3.673307	6.520513	0.300668	3.650649	6.436949	0.297060
3.691658	6.526203	0.300327	3.669773	6.442803	0.297160
3.709422	6.531705	0.300996	3.688896	6.448659	0.297260
3.728307	6.537567	0.300862	3.629795	6.515473	0.300659
3.747409	6.543494	0.300145	3.648898	6.521396	0.300759
3.766561	6.549422	0.302001	3.668000	6.527321	0.300859
3.784229	6.554926	0.301398	3.687102	6.533247	0.300959
3.802196	6.560511	0.301691	3.706203	6.539176	0.301059
3.818468	6.565575	0.301686	3.725303	6.545107	0.301159
3.842069	6.572919	0.304622	3.744403	6.551039	0.301259
3.860033	6.578567	0.302457	3.763502	6.556974	0.301359
3.877654	6.584065	0.305125	3.782601	6.562910	0.301459
3.894484	6.589366	0.305288	3.801699	6.568848	0.301559
3.915016	6.595837	0.304210	3.862521	6.536012	0.298515
3.932519	6.601332	0.303160	3.881637	6.541894	0.298615
3.949846	6.606752	0.303946	3.900751	6.547778	0.298715
3.970111	6.613108	0.303924	3.919866	6.553664	0.298815
3.989918	6.619321	0.301437	3.938979	6.559552	0.298915
4.007207	6.624696	0.300419	3.958093	6.565441	0.299015
4.026383	6.630637	0.301333	3.977205	6.571333	0.299115
4.042355	6.635601	0.302919	3.996317	6.577226	0.299215
4.060664	6.641323	0.303722	4.015428	6.583122	0.299315
4.077392	6.646566	0.303386	4.034539	6.589019	0.299415
4.096901	6.652673	0.303548	4.117228	6.542838	0.299108
4.117462	6.659113	0.302312	4.136340	6.548731	0.299208
4.135448	6.664723	0.302383	4.155451	6.554626	0.299308
4.156234	6.671207	0.301185	4.174562	6.560523	0.299408
4.175998	6.677346	0.301777	4.193672	6.566422	0.299508
4.194539	6.683118	0.300624	4.212782	6.572323	0.299608
4.213129	6.688881	0.300784	4.231891	6.578226	0.299708
4.234034	6.695366	0.301321	4.250999	6.584131	0.299808
4.251215	6.700705	0.303096	4.270107	6.590038	0.299908
4.270814	6.706835	0.305253	4.289214	6.595947	0.300008
4.288505	6.712409	0.304477	4.327934	6.592889	0.301512
4.306893	6.718187	0.305387	4.347032	6.598828	0.301612
4.328200	6.724904	0.307626	4.366129	6.604770	0.301712
4.348886	6.731476	0.307033	4.385226	6.610713	0.301812
4.367494	6.737376	0.305930	4.404322	6.616658	0.301912
4.392952	6.745417	0.305231	4.423417	6.622605	0.302012
4.410807	6.751043	0.306881	4.442512	6.628554	0.302112
4.428878	6.756769	0.307636	4.461606	6.634504	0.302212
4.448647	6.763050	0.307605	4.480700	6.640457	0.302312
4.469000	6.769516	0.306122	4.499793	6.646412	0.302412
4.486900	6.775174	0.306371	4.515187	6.651991	0.302554
4.506398	6.781341	0.306463	4.534278	6.657950	0.302654
4.524162	6.786963	0.306328	4.553369	6.663911	0.302754
4.544432	6.793374	0.307193	4.572460	6.669874	0.302854
4.562644	6.799151	0.308468	4.591550	6.675839	0.302954
4.583410	6.805768	0.307289	4.610639	6.681806	0.303054
4.601382	6.811471	0.307341	4.629727	6.687775	0.303154
4.620655	6.817589	0.309010	4.648815	6.693746	0.303254
4.634473	6.822000	0.310464	4.667903	6.699718	0.303354
4.652644	6.827830	0.310049	4.686990	6.705693	0.303454
4.670492	6.833548	0.310632	4.660200	6.787381	0.312943
4.689912	6.839782	0.312959	4.679228	6.793539	0.313043
4.707466	6.845463	0.313882	4.698256	6.799698	0.313143
4.724253	6.850912	0.315101	4.717284	6.805859	0.313243
4.742241	6.856775	0.317064	4.736311	6.812022	0.313343
4.761686	6.863156	0.316778	4.755337	6.818186	0.313443
4.777451	6.868324	0.315779	4.774362	6.824353	0.313543
4.796830	6.874655	0.315830	4.793387	6.830522	0.313643
4.817591	6.881439	0.315172	4.812412	6.836692	0.313743
4.834801	6.887050	0.312746	4.831435	6.842865	0.313843
4.854108	6.893293	0.313767	4.832957	6.872888	0.316062
4.872051	6.899116	0.313845	4.851966	6.879104	0.316162
4.890541	6.905117	0.312374	4.870975	6.885323	0.316262
4.906711	6.910339	0.312533	4.889983	6.891543	0.316362
4.923313	6.915704	0.312506	4.908990	6.897765	0.316462
4.944003	6.922388	0.312598	4.927997	6.903990	0.316562
4.963908	6.928821	0.311695	4.947003	6.910216	0.316662
4.982844	6.934923	0.311107	4.966009	6.916443	0.316762
5.003296	6.941499	0.308645	4.985014	6.922673	0.316862
5.021187	6.947203	0.308367	5.004018	6.928905	0.316962
5.040642	6.953400	0.307507	5.036683	6.913370	0.315107
5.056893	6.958561	0.308597	5.055699	6.919568	0.315207
5.076380	6.964773	0.310471	5.074713	6.925769	0.315307
5.097212	6.971457	0.311612	5.093727	6.931971	0.315407
5.114846	6.977137	0.313771	5.112741	6.938175	0.315507
5.133251	6.983109	0.314293	5.131754	6.944381	0.315607
5.151560	6.989061	0.314079	5.150766	6.950589	0.315707
5.170925	6.995351	0.312791	5.169777	6.956799	0.315807
5.187486	7.000707	0.312508	5.188788	6.963010	0.315907
5.204454	7.006190	0.313555	5.207798	6.969224	0.316007
5.224735	7.012766	0.312943	5.208186	7.006267	0.318007
5.244662	7.019214	0.313647	5.227183	7.012521	0.318107
5.264680	7.025707	0.311755	5.246179	7.018776	0.318207
5.284450	7.032078	0.311328	5.265175	7.025034	0.318307
5.303860	7.038324	0.311160	5.284171	7.031293	0.318407
5.325211	7.045190	0.310906	5.303165	7.037554	0.318507
5.339301	7.049718	0.310308	5.322159	7.043817	0.318607
5.357866	7.055671	0.311676	5.341153	7.050082	0.318707
5.377416	7.061970	0.311287	5.360146	7.056349	0.318807
5.396987	7.068267	0.311243	5.379138	7.062617	0.318907
5.416203	7.074448	0.312049	5.403328	7.061086	0.317667
5.434515	7.080355	0.313591	5.422327	7.067333	0.317767
5.452864	7.086306	0.313345	5.441326	7.073582	0.317867
5.470512	7.092024	0.313929	5.460324	7.079832	0.317967
5.490004	7.098353	0.314034	5.479321	7.086085	0.318067
5.511585	7.105362	0.314826	5.498318	7.092340	0.318167
5.528848	7.110983	0.314996	5.517314	7.098596	0.318267
5.548705	7.117454	0.315344	5.536310	7.104855	0.318367
5.570560	7.124584	0.316464	5.555305	7.111115	0.318467
5.589517	7.130792	0.316470	5.574299	7.117377	0.318567
5.609918	7.137472	0.315666	5.604411	7.151336	0.321786
5.629439	7.143848	0.315961	5.623385	7.157661	0.321886
5.646389	7.149389	0.317267	5.642358	7.163988	0.321986
5.660562	7.154043	0.317589	5.661330	7.170317	0.322086
5.680301	7.160531	0.317244	5.680301	7.176648	0.322186
5.697437	7.166157	0.317287	5.699272	7.182981	0.322286
5.716556	7.172436	0.318098	5.718243	7.189315	0.322386
5.733948	7.178163	0.319046	5.737212	7.195652	0.322486
5.751790	7.184056	0.317293	5.756181	7.201991	0.322586
5.769296	7.189805	0.315180	5.775150	7.208331	0.322686
5.786446	7.195397	0.314328	5.788071	7.229399	0.322953
5.806468	7.201906	0.313920	5.807038	7.235746	0.323053
5.825327	7.208029	0.313729	5.826003	7.242096	0.323153
5.843508	7.213927	0.315282	5.844968	7.248447	0.323253
5.862020	7.219965	0.316022	5.863932	7.254800	0.323353
5.880130	7.225887	0.315367	5.882895	7.261155	0.323453
5.899859	7.232324	0.318076	5.901858	7.267512	0.323553
5.921356	7.239402	0.318090	5.920821	7.273870	0.323653
5.937894	7.244847	0.319041	5.939782	7.280231	0.323753
5.957421	7.251298	0.318431	5.958743	7.286594	0.323853
5.978682	7.258306	0.318056	5.939602	7.248919	0.315133
6.001697	7.265883	0.318051	5.958617	7.255118	0.315233
6.021239	7.272317	0.317246	5.977632	7.261319	0.315333
6.038388	7.277948	0.314452	5.996646	7.267522	0.315433
6.057677	7.284222	0.316304	6.015659	7.273726	0.315533
6.076767	7.290469	0.315658	6.034672	7.279933	0.315633
6.093742	7.296013	0.315746	6.053684	7.286141	0.315733
6.114165	7.302685	0.315937	6.072695	7.292351	0.315833
6.131635	7.308396	0.316798	6.091706	7.298564	0.315933
6.152957	7.315386	0.317405	6.110716	7.304778	0.316033
6.173995	7.322297	0.316297	6.165445	7.323341	0.318863
6.192412	7.328324	0.314833	6.184437	7.329611	0.318963
6.210583	7.334242	0.314607	6.203428	7.335882	0.319063
6.227478	7.339740	0.313622	6.222418	7.342156	0.319163
6.245816	7.345688	0.312809	6.241408	7.348431	0.319263
6.264695	7.351794	0.312795	6.260398	7.354709	0.319363
6.283594	7.357906	0.313741	6.279386	7.360988	0.319463
6.304230	7.364601	0.314759	6.298374	7.367269	0.319563
6.324830	7.371308	0.314743	6.317362	7.373552	0.319663
6.346236	7.378277	0.314193	6.336349	7.379837	0.319763
6.364151	7.384099	0.314069	6.367524	7.397656	0.320499
6.385047	7.390886	0.315115	6.386505	7.403957	0.320599
6.403608	7.396937	0.316420	6.405486	7.410259	0.320699
6.421501	7.402795	0.315991	6.424467	7.416564	0.320799
6.440266	7.408930	0.316036	6.443446	7.422871	0.320899
6.458771	7.414981	0.317967	6.462425	7.429179	0.320999
6.477395	7.421111	0.317887	6.481404	7.435489	0.321099
6.497977	7.427884	0.317366	6.500382	7.441801	0.321199
6.516237	7.433881	0.317227	6.519359	7.448116	0.321299
6.537149	7.440747	0.316235	6.538335	7.454431	0.321399
6.551710	7.445512	0.316027	6.545114	7.450865	0.318109
6.572141	7.452192	0.316015	6.564110	7.457121	0.318209
6.588933	7.457683	0.314263	6.583106	7.463378	0.318309
6.606407	7.463363	0.315347	6.602101	7.469637	0.318409
6.627452	7.470228	0.314280	6.621096	7.475899	0.318509
6.645128	7.475974	0.313888	6.640090	7.482162	0.318609
6.665895	7.482715	0.314664	6.659084	7.488426	0.318709
6.687553	7.489764	0.314956	6.678076	7.494693	0.318809
6.707819	7.496367	0.315218	6.697069	7.500962	0.318909
6.729857	7.503554	0.314801	6.716060	7.507233	0.319009
6.748261	7.509546	0.314975	6.714722	7.515696	0.316314
6.763754	7.514595	0.315714	6.733730	7.521918	0.316414
6.783527	7.521053	0.316070	6.752737	7.528141	0.316514
6.802918	7.527395	0.316929	6.771743	7.534366	0.316614
6.824348	7.534423	0.315777	6.790749	7.540593	0.316714
6.841016	7.539869	0.316747	6.809754	7.546822	0.316814
6.858209	7.545504	0.316257	6.828759	7.553053	0.316914
6.880862	7.552917	0.317419	6.847763	7.559285	0.317014
6.901674	7.559755	0.317723	6.866767	7.565520	0.317114
6.923144	7.566815	0.317697	6.885769	7.571757	0.317214
6.939081	7.572056	0.317770	6.876734	7.550759	0.311262
6.960803	7.579201	0.319392	6.895773	7.556884	0.311362
6.980977	7.585873	0.320827	6.914811	7.563011	0.311462
6.998659	7.591748	0.321446	6.933849	7.569140	0.311562
7.013040	7.596537	0.321446	6.952886	7.575271	0.311662
7.031992	7.602848	0.321635	6.971922	7.581404	0.311762
7.051006	7.609184	0.320840	6.990958	7.587538	0.311862
7.066828	7.614442	0.321674	7.009994	7.593675	0.311962
7.084792	7.620428	0.322409	7.029028	7.599814	0.312062
7.107358	7.627967	0.322776	7.048062	7.605954	0.312162
7.125484	7.634029	0.324059	7.094568	7.630580	0.316177
7.145431	7.640730	0.323889	7.113577	7.636799	0.316277
7.164948	7.647282	0.324659	7.132585	7.643020	0.316377
7.182771	7.653280	0.324074	7.151592	7.649242	0.316477
7.201405	7.659540	0.324589	7.170599	7.655467	0.316577
7.218923	7.665434	0.324705	7.189605	7.661693	0.316677
7.239224	7.672268	0.324453	7.208610	7.667921	0.316777
7.254930	7.677551	0.325636	7.227615	7.674151	0.316877
7.273035	7.683664	0.326206	7.246620	7.680383	0.316977
7.289593	7.689265	0.325880	7.265623	7.686617	0.317077
7.306598	7.695012	0.326677	7.303311	7.723937	0.323585
7.323736	7.700819	0.326978	7.322273	7.730296	0.323685
7.342935	7.707330	0.325021	7.341235	7.736658	0.323785
7.360845	7.713365	0.325724	7.360195	7.743021	0.323885
7.380359	7.719956	0.327101	7.379156	7.749386	0.323985
7.397486	7.725767	0.327945	7.398115	7.755753	0.324085
7.417859	7.732698	0.329763	7.417074	7.762121	0.324185
7.439003	7.739935	0.330162	7.436032	7.768492	0.324285
7.457806	7.746379	0.330692	7.454990	7.774865	0.324385
7.479601	7.753861	0.330878	7.473947	7.781239	0.324485
7.497233	7.759918	0.330858	7.479538	7.806224	0.327738
7.515760	7.766282	0.332452	7.498474	7.812662	0.327838
7.530351	7.771320	0.332795	7.517408	7.819102	0.327938
7.549802	7.778043	0.331953	7.536343	7.825544	0.328038
7.568666	7.784545	0.331748	7.555276	7.831987	0.328138
7.586906	7.790828	0.331103	7.574209	7.838433	0.328238
7.600759	7.795591	0.332387	7.593141	7.844880	0.328338
7.623537	7.803453	0.332843	7.612073	7.851330	0.328438
7.644066	7.810550	0.333100	7.631004	7.857781	0.328538
7.663115	7.817141	0.333364	7.649934	7.864234	0.328638
7.683315	7.824136	0.334040	7.679460	7.862480	0.327095
7.703843	7.831260	0.335703	7.698400	7.868906	0.327195
7.725429	7.838792	0.334795	7.717339	7.875334	0.327295
7.745695	7.845842	0.333733	7.736277	7.881763	0.327395
7.768172	7.853635	0.334399	7.755215	7.888195	0.327495
7.788937	7.860850	0.335689	7.774152	7.894628	0.327595
7.809381	7.867983	0.334179	7.793088	7.901064	0.327695
7.828294	7.874549	0.336368	7.812024	7.907501	0.327795
7.849823	7.882077	0.335986	7.830959	7.913940	0.327895
7.872359	7.889947	0.337537	7.849893	7.920381	0.327995
7.891248	7.896577	0.337751	7.889707	7.910392	0.326848
7.908819	7.902748	0.336563	7.908648	7.916813	0.326948
7.923841	7.908004	0.335689	7.927588	7.923236	0.327048
7.942097	7.914373	0.335451	7.946528	7.929661	0.327148
7.959296	7.920369	0.335044	7.965468	7.936088	0.327248
7.980450	7.927734	0.335330	7.984406	7.942517	0.327348
7.998913	7.934168	0.335375	8.003344	7.948947	0.327448
8.016223	7.940202	0.337576	8.022281	7.955380	0.327548
8.032342	7.945860	0.336768	8.041218	7.961814	0.327648
8.050860	7.952343	0.336659	8.060154	7.968251	0.327748
8.067840	7.958286	0.335390	8.088870	8.001917	0.332783
8.086673	7.964850	0.334565	8.107773	8.008450	0.332883
8.106097	7.971602	0.335193	8.126675	8.014986	0.332983
8.125856	7.978485	0.335414	8.145576	8.021523	0.333083
8.144428	7.984959	0.335386	8.164477	8.028062	0.333183
8.163818	7.991718	0.336389	8.183377	8.034603	0.333283
8.178998	7.997026	0.336560	8.202277	8.041146	0.333383
8.199433	8.004175	0.336148	8.221176	8.047691	0.333483
8.220576	8.011563	0.337075	8.240074	8.054238	0.333583
8.238179	8.017732	0.337449	8.258971	8.060786	0.333683
8.256308	8.024093	0.338806	8.274498	8.068839	0.334793
8.276827	8.031323	0.340022	8.293387	8.075411	0.334893
8.296987	8.038455	0.340386	8.312276	8.081984	0.334993
8.316238	8.045274	0.340770	8.331164	8.088559	0.335093
8.334725	8.051829	0.339839	8.350052	8.095137	0.335193
8.354268	8.058738	0.341766	8.368939	8.101716	0.335293
8.373084	8.065432	0.342347	8.387825	8.108297	0.335393
8.392373	8.072306	0.342641	8.406711	8.114879	0.335493
8.408020	8.077888	0.343320	8.425596	8.121464	0.335593
8.430531	8.085935	0.343169	8.444480	8.128051	0.335693
8.449850	8.092838	0.343589	8.480132	8.164854	0.341196
8.465004	8.098259	0.343222	8.498979	8.171546	0.341296
8.483651	8.104923	0.343066	8.517826	8.178240	0.341396
8.499237	8.110490	0.344632	8.536671	8.184937	0.341496
8.517610	8.117086	0.346571	8.555516	8.191634	0.341596
8.536097	8.123762	0.348964	8.574361	8.198334	0.341696
8.553777	8.130195	0.348112	8.593205	8.205036	0.341796
8.573024	8.137180	0.348607	8.612048	8.211740	0.341896
8.593249	8.144530	0.350579	8.630890	8.218445	0.341996
8.611702	8.151278	0.349672	8.649732	8.225152	0.342096
8.632824	8.158980	0.351571	8.631885	8.207823	0.336999
8.652500	8.166198	0.351157	8.650760	8.214436	0.337099
8.671501	8.173159	0.350310	8.669634	8.221051	0.337199
8.689811	8.179849	0.350109	8.688508	8.227668	0.337299
8.708230	8.186575	0.348277	8.707381	8.234287	0.337399
8.726984	8.193384	0.348561	8.726253	8.240908	0.337499
8.742894	8.199165	0.348941	8.745125	8.247530	0.337599
8.758617	8.204886	0.347543	8.763996	8.254155	0.337699
8.775807	8.211113	0.346137	8.782866	8.260781	0.337799
8.791935	8.216929	0.347202	8.801736	8.267409	0.337899
8.810032	8.223478	0.347982	8.771067	8.221615	0.329288
8.826055	8.229290	0.348504	8.789992	8.228082	0.329388
8.844746	8.236082	0.349448	8.808917	8.234551	0.329488
8.865206	8.243537	0.349782	8.827841	8.241023	0.329588
8.882886	8.249986	0.348333	8.846765	8.247496	0.329688
8.904854	8.257964	0.348591	8.865688	8.253971	0.329788
8.923415	8.264710	0.348640	8.884610	8.260447	0.329888
8.943253	8.271920	0.348290	8.903531	8.266926	0.329988
8.962497	8.278908	0.348434	8.922452	8.273407	0.330088
8.980960	8.285615	0.347397	8.941373	8.279889	0.330188
9.000276	8.292609	0.347993	8.943634	8.276423	0.331130
9.019688	8.299651	0.349126	8.962547	8.282925	0.331230
9.039486	8.306857	0.350153	8.981460	8.289430	0.331330
9.060047	8.314367	0.350968	9.000372	8.295936	0.331430
9.081091	8.322071	0.351384	9.019284	8.302443	0.331530
9.101333	8.329492	0.350117	9.038195	8.308953	0.331630
9.122640	8.337272	0.351359	9.057105	8.315465	0.331730
9.143310	8.344849	0.351967	9.076015	8.321979	0.331830
9.163368	8.352216	0.351734	9.094924	8.328494	0.331930
9.183793	8.359712	0.351419	9.113832	8.335011	0.332030
9.204292	8.367227	0.350984	9.091554	8.301043	0.328579
9.224124	8.374489	0.353154	9.110485	8.307497	0.328679
9.246563	8.382760	0.354670	9.129414	8.313953	0.328779
9.267035	8.390342	0.355279	9.148343	8.320410	0.328879
9.284255	8.396731	0.354580	9.167271	8.326870	0.328979
9.303757	8.403951	0.353500	9.186198	8.333332	0.329079
9.323216	8.411131	0.352930	9.205125	8.339795	0.329179
9.339671	8.417192	0.354210	9.224051	8.346260	0.329279
9.359483	8.424519	0.356910	9.242977	8.352728	0.329379
9.377689	8.431308	0.356177	9.261902	8.359197	0.329479
9.395043	8.437764	0.355329	9.309547	8.398353	0.335291
9.412866	8.444378	0.356038	9.328433	8.404934	0.335391
9.430259	8.450846	0.357253	9.347319	8.411517	0.335491
9.450004	8.458216	0.357907	9.366204	8.418101	0.335591
9.467089	8.464606	0.358767	9.385088	8.424688	0.335691
9.485892	8.471657	0.359278	9.403972	8.431276	0.335791
9.506453	8.479379	0.357386	9.422855	8.437867	0.335891
9.524978	8.486297	0.357847	9.441737	8.444459	0.335991
9.544161	8.493470	0.357275	9.460619	8.451053	0.336091
9.560473	8.499560	0.356002	9.479500	8.457649	0.336191
9.578263	8.506175	0.357752	9.514221	8.496824	0.346251
9.594121	8.512103	0.357402	9.533034	8.503611	0.346351
9.612181	8.518848	0.357834	9.551846	8.510401	0.346451
9.630669	8.525761	0.358008	9.570658	8.517192	0.346551
9.651448	8.533535	0.357516	9.589469	8.523985	0.346651
9.672429	8.541373	0.357007	9.608279	8.530780	0.346751
9.688387	8.547325	0.358873	9.627089	8.537577	0.346851
9.705247	8.553649	0.358960	9.645898	8.544376	0.346951
9.722724	8.560207	0.358462	9.664706	8.551176	0.347051
9.742171	8.567493	0.359624	9.683514	8.557979	0.347151
9.757616	8.573300	0.358180	9.679516	8.537035	0.343591
9.774692	8.579692	0.359238	9.698347	8.543773	0.343691
9.796716	8.587963	0.360155	9.717177	8.550512	0.343791
9.815991	8.595221	0.361602	9.736007	8.557253	0.343891
9.833226	8.601740	0.361846	9.754836	8.563996	0.343991
9.852434	8.609010	0.360956	9.773664	8.570741	0.344091
9.874270	8.617253	0.361528	9.792492	8.577488	0.344191
9.892553	8.624167	0.361674	9.811319	8.584237	0.344291
9.911487	8.631330	0.362614	9.830145	8.590987	0.344391
9.930020	8.638361	0.363395	9.848971	8.597740	0.344491
9.950210	8.646039	0.363080	9.875422	8.604326	0.346669
9.968531	8.653000	0.362860	9.894233	8.611121	0.346769
9.985467	8.659430	0.362198	9.913042	8.617918	0.346869
10.005075	8.666859	0.363082	9.931851	8.624717	0.346969
10.027056	8.675211	0.363566	9.950659	8.631518	0.347069
10.046299	8.682532	0.362320	9.969467	8.638321	0.347169
10.064743	8.689523	0.360619	9.988273	8.645126	0.347269
10.081309	8.695771	0.359287	10.007080	8.651933	0.347369
10.104033	8.704306	0.360835	10.025885	8.658741	0.347469
10.121167	8.710771	0.361242	10.044690	8.665552	0.347569
10.141636	8.718505	0.360340	10.075418	8.683198	0.352592
10.159209	8.725126	0.361736	10.094188	8.690105	0.352692
10.176410	8.731635	0.363425	10.112956	8.697013	0.352792
10.194352	8.738459	0.363109	10.131725	8.703924	0.352892
10.212398	8.745315	0.363216	10.150492	8.710836	0.352992
10.229087	8.751658	0.364162	10.169259	8.717750	0.353092
10.245861	8.758052	0.365353	10.188025	8.724666	0.353192
10.264338	8.765120	0.365764	10.206791	8.731584	0.353292
10.283766	8.772561	0.365406	10.225555	8.738504	0.353392
10.300591	8.778998	0.365735	10.244320	8.745426	0.353492
10.318206	8.785744	0.366607	10.290681	8.769221	0.358130
10.334888	8.792149	0.366922	10.309412	8.776232	0.358230
10.354028	8.799505	0.367353	10.328142	8.783244	0.358330
10.372258	8.806520	0.365402	10.346872	8.790258	0.358430
10.387438	8.812328	0.365039	10.365601	8.797275	0.358530
10.405088	8.819073	0.364272	10.384329	8.804292	0.358630
10.423220	8.825987	0.364239	10.403057	8.811312	0.358730
10.443919	8.833878	0.364986	10.421783	8.818334	0.358830
10.461399	8.840557	0.365990	10.440510	8.825358	0.358930
10.482439	8.848621	0.366435	10.459235	8.832383	0.359030
10.500836	8.855682	0.366428	10.442829	8.818836	0.357216
10.520863	8.863367	0.367272	10.461566	8.825830	0.357316
10.537201	8.869653	0.367651	10.480303	8.832825	0.357416
10.553666	8.875994	0.367240	10.499039	8.839822	0.357516
10.572150	8.883105	0.366475	10.517774	8.846821	0.357616
10.592608	8.890957	0.364747	10.536509	8.853822	0.357716
10.610896	8.897940	0.364533	10.555243	8.860825	0.357816
10.629304	8.904964	0.363030	10.573976	8.867829	0.357916
10.644420	8.910706	0.361960	10.592709	8.874836	0.358016
10.660173	8.916671	0.361863	10.611441	8.881844	0.358116
10.678924	8.923769	0.361525	10.621922	8.883814	0.358641
10.696135	8.930277	0.362233	10.640649	8.890834	0.358741
10.715538	8.937630	0.362350	10.659376	8.897856	0.358841
10.734116	8.944673	0.362317	10.678102	8.904880	0.358941
10.754431	8.952373	0.362680	10.696827	8.911906	0.359041
10.774725	8.960074	0.362645	10.715552	8.918933	0.359141
10.793517	8.967204	0.361603	10.734276	8.925963	0.359241
10.814829	8.975265	0.361428	10.752999	8.932994	0.359341
10.835156	8.982950	0.361669	10.771722	8.940027	0.359441
10.852536	8.989525	0.361474	10.790444	8.947062	0.359541
10.872947	8.997241	0.362859	10.808895	8.965611	0.363854
10.892208	9.004555	0.362039	10.827586	8.972729	0.363954
10.908208	9.010614	0.363524	10.846276	8.979848	0.364054
10.930323	9.019027	0.364606	10.864965	8.986970	0.364154
10.948350	9.025908	0.364272	10.883654	8.994093	0.364254
10.970001	9.034163	0.365182	10.902341	9.001218	0.364354
10.993519	9.043155	0.366799	10.921028	9.008345	0.364454
11.010867	9.049820	0.367127	10.939715	9.015473	0.364554
11.031475	9.057745	0.368863	10.958401	9.022604	0.364654
11.048340	9.064264	0.369361	10.977085	9.029737	0.364754
11.067714	9.071764	0.367937	11.000172	9.032640	0.363403
11.085847	9.078754	0.366977	11.018866	9.039749	0.363503
11.103331	9.085475	0.367585	11.037559	9.046860	0.363603
11.117813	9.091052	0.367557	11.056251	9.053973	0.363703
11.136954	9.098422	0.366805	11.074943	9.061088	0.363803
11.155295	9.105468	0.367130	11.093634	9.068205	0.363903
11.171808	9.111819	0.368822	11.112324	9.075323	0.364003
11.189730	9.118746	0.370363	11.131014	9.082443	0.364103
11.206636	9.125310	0.370389	11.149703	9.089566	0.364203
11.223669	9.131924	0.370277	11.168391	9.096690	0.364303
11.239225	9.137963	0.371096	11.218611	9.128498	0.369454
11.257212	9.144962	0.371807	11.237262	9.135720	0.369554
11.274146	9.151565	0.372154	11.255911	9.142944	0.369654
11.294522	9.159519	0.372600	11.274560	9.150170	0.369754
11.311721	9.166241	0.374418	11.293209	9.157398	0.369854
11.329491	9.173224	0.374206	11.311856	9.164627	0.369954
11.349399	9.181042	0.375044	11.330503	9.171859	0.370054
11.369701	9.189034	0.372906	11.349149	9.179092	0.370154
11.390146	9.197033	0.374231	11.367795	9.186327	0.370254
11.407891	9.204002	0.374313	11.386439	9.193564	0.370354
11.426736	9.211405	0.375638	11.460226	9.229146	0.376304
11.446931	9.219369	0.375171	11.478826	9.236496	0.376404
11.467783	9.227581	0.375677	11.497426	9.243847	0.376504
11.489005	9.235951	0.376925	11.516025	9.251201	0.376604
11.507872	9.243420	0.376391	11.534624	9.258556	0.376704
11.529633	9.252020	0.376862	11.553221	9.265913	0.376804
11.550372	9.260229	0.378139	11.571818	9.273272	0.376904
11.570753	9.268325	0.379475	11.590414	9.280633	0.377004
11.588046	9.275221	0.381026	11.609010	9.287996	0.377104
11.606533	9.282627	0.379685	11.627604	9.295360	0.377204
11.625272	9.290105	0.380146	11.683066	9.315539	0.381072
11.641972	9.296778	0.380368	11.701631	9.322977	0.381172
11.663886	9.305540	0.381605	11.720196	9.330417	0.381272
11.682964	9.313196	0.382559	11.738759	9.337859	0.381372
11.701799	9.320774	0.381109	11.757322	9.345303	0.381472
11.721827	9.328800	0.381877	11.775885	9.352749	0.381572
11.738015	9.335301	0.382226	11.794446	9.360196	0.381672
11.756442	9.342708	0.379988	11.813007	9.367646	0.381772
11.775765	9.350426	0.381800	11.831567	9.375097	0.381872
11.795537	9.358365	0.381054	11.850127	9.382550	0.381972
11.811502	9.364761	0.383059	11.793278	9.357465	0.376420
11.828316	9.371536	0.382770	11.811878	9.364817	0.376520
11.845048	9.378273	0.382487	11.830477	9.372171	0.376620
11.863482	9.385689	0.381167	11.849075	9.379527	0.376720
11.880675	9.392579	0.380928	11.867672	9.386884	0.376820
11.898865	9.399864	0.381066	11.886269	9.394243	0.376920
11.919658	9.408195	0.382070	11.904865	9.401605	0.377020
11.941278	9.416882	0.382907	11.923461	9.408968	0.377120
11.958777	9.423930	0.382001	11.942055	9.416333	0.377220
11.974858	9.430391	0.383362	11.960649	9.423699	0.377320
11.995952	9.438898	0.383107	12.009155	9.436190	0.378691
12.014817	9.446501	0.382529	12.027738	9.443584	0.378791
12.034506	9.454423	0.383533	12.046320	9.450980	0.378891
12.054208	9.462373	0.383440	12.064902	9.458378	0.378991
12.073139	9.470010	0.383752	12.083483	9.465778	0.379091
12.093578	9.478263	0.383311	12.102063	9.473179	0.379191
12.111744	9.485588	0.382887	12.120642	9.480582	0.379291
12.132747	9.494047	0.384192	12.139220	9.487988	0.379391
12.152175	9.501902	0.383069	12.157798	9.495395	0.379491
12.173122	9.510343	0.383706	12.176375	9.502804	0.379591
12.191186	9.517636	0.381270	12.203514	9.504172	0.376735
12.209781	9.525090	0.382216	12.222112	9.511530	0.376835
12.225604	9.531451	0.384818	12.240708	9.518889	0.376935
12.242009	9.538095	0.384911	12.259304	9.526251	0.377035
12.256598	9.544005	0.387157	12.277899	9.533614	0.377135
12.277933	9.552704	0.390235	12.296494	9.540979	0.377235
12.297341	9.560687	0.389373	12.315088	9.548346	0.377335
12.316663	9.568616	0.389857	12.333681	9.555715	0.377435
12.335545	9.576374	0.390913	12.352273	9.563086	0.377535
12.353387	9.583727	0.390719	12.370864	9.570458	0.377635
12.371009	9.590985	0.391127	12.405856	9.584441	0.380334
12.390417	9.598989	0.389469	12.424427	9.591865	0.380434
12.412857	9.608199	0.388370	12.442997	9.599292	0.380534
12.428762	9.614707	0.387522	12.461566	9.606720	0.380634
12.447251	9.622253	0.387958	12.480135	9.614150	0.380734
12.465681	9.629785	0.389119	12.498702	9.621582	0.380834
12.483313	9.637014	0.389303	12.517270	9.629016	0.380934
12.503981	9.645493	0.389631	12.535836	9.636452	0.381034
12.522517	9.653104	0.391172	12.554401	9.643890	0.381134
12.539126	9.659955	0.390395	12.572966	9.651329	0.381234
12.554801	9.666405	0.390808	12.591855	9.660889	0.380829
12.572988	9.673898	0.391244	12.610422	9.668323	0.380929
12.587346	9.679821	0.391121	12.628988	9.675758	0.381029
12.603572	9.686512	0.391152	12.647554	9.683196	0.381129
12.622203	9.694195	0.390153	12.666119	9.690635	0.381229
12.639202	9.701186	0.389850	12.684683	9.698076	0.381329
12.661313	9.710271	0.388829	12.703247	9.705519	0.381429
12.680262	9.718034	0.389950	12.721809	9.712964	0.381529
12.701305	9.726683	0.390450	12.740371	9.720411	0.381629
12.719655	9.734235	0.389309	12.758932	9.727860	0.381729
12.742044	9.743420	0.388183	12.846576	9.752628	0.385696
12.758249	9.750047	0.387681	12.865107	9.760152	0.385796
12.775357	9.757033	0.387903	12.883637	9.767678	0.385896
12.794725	9.764947	0.387092	12.902166	9.775206	0.385996
12.809606	9.771013	0.388818	12.920695	9.782735	0.386096
12.827941	9.778525	0.390402	12.939222	9.790267	0.386196
12.843835	9.785065	0.390635	12.957749	9.797800	0.386296
12.857937	9.790872	0.389635	12.976276	9.805335	0.386396
12.880149	9.799994	0.388739	12.994801	9.812873	0.386496
12.900875	9.808482	0.386230	13.013326	9.820411	0.386596
12.921634	9.816924	0.385720	13.007515	9.826728	0.385955
12.940556	9.824607	0.385068	13.026044	9.834257	0.386055
12.958635	9.831935	0.385660	13.044572	9.841788	0.386155
12.978692	9.840078	0.386971	13.063099	9.849320	0.386255
12.997804	9.847867	0.386026	13.081625	9.856855	0.386355
13.015805	9.855183	0.385610	13.100151	9.864391	0.386455
13.035255	9.863078	0.385456	13.118676	9.871929	0.386555
13.052492	9.870072	0.385299	13.137200	9.879469	0.386655
13.073641	9.878649	0.384832	13.155724	9.887011	0.386755
13.088904	9.884831	0.385110	13.174247	9.894555	0.386855
13.105026	9.891366	0.386310	13.176025	9.898348	0.386451
13.120539	9.897676	0.387394	13.194550	9.905886	0.386551
13.138890	9.905163	0.389446	13.213074	9.913426	0.386651
13.157500	9.912801	0.388713	13.231597	9.920968	0.386751
13.177765	9.921101	0.387777	13.250120	9.928511	0.386851
13.193381	9.927479	0.388517	13.268642	9.936057	0.386951
13.214059	9.935943	0.387428	13.287164	9.943604	0.387051
13.235045	9.944507	0.388719	13.305684	9.951153	0.387151
13.256335	9.953226	0.389206	13.324204	9.958704	0.387251
13.274711	9.960762	0.390764	13.342723	9.966257	0.387351
13.294248	9.968811	0.389495	13.301071	9.974678	0.386859
13.313005	9.976510	0.389370	13.319593	9.982223	0.386959
13.330167	9.983551	0.390748	13.338114	9.989771	0.387059
13.349069	9.991338	0.391825	13.356635	9.997320	0.387159
13.369779	9.999895	0.391918	13.375155	10.004871	0.387259
13.388881	10.007790	0.391596	13.393674	10.012424	0.387359
13.411383	10.017082	0.393271	13.412192	10.019979	0.387459
13.432286	10.025754	0.392398	13.430709	10.027536	0.387559
13.447849	10.032195	0.394556	13.449226	10.035095	0.387659
13.466512	10.039966	0.393465	13.467742	10.042655	0.387759
13.487916	10.048851	0.393785	13.525746	10.051356	0.390093
13.506724	10.056665	0.393571	13.544244	10.058962	0.390193
13.526909	10.065047	0.394778	13.562740	10.066569	0.390293
13.543963	10.072152	0.394552	13.581236	10.074178	0.390393
13.565176	10.080985	0.395369	13.599731	10.081789	0.390493
13.583573	10.088663	0.395569	13.618226	10.089402	0.390593
13.602212	10.096446	0.396466	13.636719	10.097017	0.390693
13.620946	10.104289	0.395653	13.655212	10.104634	0.390793
13.640918	10.112631	0.397591	13.673705	10.112252	0.390893
13.658474	10.120004	0.397878	13.692196	10.119872	0.390993
13.676282	10.127488	0.399719	13.724595	10.126512	0.390594
13.694509	10.135189	0.400357	13.743088	10.134127	0.390694
13.710702	10.142042	0.400612	13.761581	10.141743	0.390794
13.729235	10.149891	0.401991	13.780073	10.149362	0.390894
13.745342	10.156739	0.402512	13.798565	10.156982	0.390994
13.765252	10.165215	0.403043	13.817055	10.164604	0.391094
13.784902	10.173594	0.402233	13.835545	10.172228	0.391194
13.802018	10.180875	0.401341	13.854034	10.179854	0.391294
13.817231	10.187331	0.402104	13.872523	10.187482	0.391394
13.837676	10.196026	0.401103	13.891010	10.195111	0.391494
13.855773	10.203701	0.401403	13.888455	10.207578	0.393792
13.873115	10.211062	0.401449	13.906924	10.215252	0.393892
13.889534	10.218032	0.401194	13.925393	10.222928	0.393992
13.904864	10.224535	0.401193	13.943861	10.230605	0.394092
13.920829	10.231307	0.400433	13.962327	10.238285	0.394192
13.943317	10.240826	0.401521	13.980794	10.245966	0.394292
13.961853	10.248696	0.400895	13.999259	10.253649	0.394392
13.977236	10.255217	0.401197	14.017724	10.261334	0.394492
13.997158	10.263668	0.400415	14.036187	10.269021	0.394592
14.017034	10.272081	0.399904	14.054650	10.276710	0.394692
14.033528	10.279052	0.400361	14.047810	10.292098	0.396972
14.053690	10.287585	0.401596	14.066255	10.299831	0.397072
14.069892	10.294466	0.400002	14.084699	10.307565	0.397172
14.086399	10.301445	0.399868	14.103142	10.315301	0.397272
14.103154	10.308526	0.400023	14.121584	10.323039	0.397372
14.120883	10.316022	0.399521	14.140026	10.330779	0.397472
14.139120	10.323723	0.400687	14.158467	10.338521	0.397572
14.155485	10.330655	0.401183	14.176907	10.346265	0.397672
14.173549	10.338317	0.401754	14.195346	10.354010	0.397772
14.193374	10.346740	0.402089	14.213785	10.361757	0.397872
14.210717	10.354115	0.403648	14.222192	10.373689	0.399425
14.227230	10.361168	0.404550	14.240618	10.381467	0.399525
14.243672	10.368208	0.404244	14.259043	10.389246	0.399625
14.259326	10.374905	0.402917	14.277467	10.397028	0.399725
14.271625	10.380147	0.404239	14.295890	10.404811	0.399825
14.287615	10.386988	0.404599	14.314313	10.412596	0.399925
14.307319	10.395426	0.405171	14.332734	10.420383	0.400025
14.323811	10.402499	0.405725	14.351155	10.428172	0.400125
14.338869	10.408967	0.406999	14.369576	10.435963	0.400225
14.355879	10.416300	0.406895	14.387995	10.443755	0.400325
14.371415	10.422995	0.405173	14.404400	10.452323	0.400636
14.388522	10.430332	0.404846	14.422816	10.460123	0.400736
14.410808	10.439882	0.404471	14.441231	10.467925	0.400836
14.430007	10.448101	0.404292	14.459646	10.475729	0.400936
14.448292	10.455924	0.403452	14.478060	10.483535	0.401036
14.466899	10.463867	0.403814	14.496473	10.491342	0.401136
14.487231	10.472555	0.404377	14.514885	10.499151	0.401236
14.507750	10.481336	0.406607	14.533297	10.506962	0.401336
14.527684	10.489920	0.407064	14.551708	10.514775	0.401436
14.543336	10.496668	0.409655	14.570118	10.522590	0.401536
14.558128	10.503091	0.410977	14.556521	10.543000	0.403063
14.577603	10.511578	0.411831	14.574918	10.550845	0.403163
14.597960	10.520470	0.413002	14.593315	10.558691	0.403263
14.614980	10.527928	0.411780	14.611710	10.566540	0.403363
14.631882	10.535310	0.411475	14.630105	10.574390	0.403463
14.650280	10.543339	0.412501	14.648500	10.582242	0.403563
14.669299	10.551662	0.413760	14.666893	10.590096	0.403663
14.684406	10.558295	0.412182	14.685285	10.597952	0.403763
14.701738	10.565874	0.411589	14.703677	10.605809	0.403863
14.717956	10.572953	0.410711	14.722068	10.613669	0.403963
14.735179	10.580453	0.410318	14.752881	10.617425	0.404148
14.753115	10.588255	0.409310	14.771269	10.625290	0.404248
14.771793	10.596358	0.410030	14.789657	10.633156	0.404348
14.788369	10.603563	0.410165	14.808044	10.641025	0.404448
14.807979	10.612090	0.409871	14.826431	10.648895	0.404548
14.824694	10.619353	0.410189	14.844816	10.656767	0.404648
14.842365	10.627037	0.410939	14.863201	10.664641	0.404748
14.857773	10.633751	0.411340	14.881585	10.672516	0.404848
14.877490	10.642352	0.411931	14.899969	10.680394	0.404948
14.894736	10.649887	0.411675	14.918351	10.688273	0.405048
14.913940	10.658272	0.410906	14.929965	10.701415	0.407451
14.933388	10.666746	0.411472	14.948327	10.709340	0.407551
14.952114	10.674917	0.410349	14.966689	10.717268	0.407651
14.970999	10.683133	0.410614	14.985050	10.725197	0.407751
14.988991	10.690966	0.411158	15.003411	10.733128	0.407851
15.012906	10.701394	0.413052	15.021770	10.741060	0.407951
15.036326	10.711658	0.412865	15.040129	10.748995	0.408051
15.052529	10.718755	0.412295	15.058487	10.756931	0.408151
15.070857	10.726771	0.411403	15.076844	10.764870	0.408251
15.090328	10.735266	0.411593	15.095200	10.772810	0.408351
15.109006	10.743420	0.410564	15.103698	10.783609	0.406447
15.127026	10.751264	0.408347	15.122069	10.791516	0.406547
15.145259	10.759153	0.408957	15.140439	10.799425	0.406647
15.159528	10.765337	0.410397	15.158808	10.807336	0.406747
15.176780	10.772843	0.410992	15.177176	10.815248	0.406847
15.195699	10.781088	0.411202	15.195543	10.823163	0.406947
15.212212	10.788289	0.411260	15.213910	10.831079	0.407047
15.228596	10.795434	0.412678	15.232276	10.838997	0.407147
15.245595	10.802877	0.412964	15.250641	10.846917	0.407247
15.263696	10.810808	0.411607	15.269005	10.854838	0.407347
15.282539	10.819034	0.412126	15.274115	10.871560	0.407868
15.300973	10.827093	0.411756	15.292474	10.879493	0.407968
15.319290	10.835092	0.411975	15.310833	10.887428	0.408068
15.338758	10.843599	0.412107	15.329191	10.895364	0.408168
15.357922	10.851976	0.410611	15.347548	10.903303	0.408268
15.379142	10.861215	0.411100	15.365904	10.911243	0.408368
15.396409	10.868742	0.413336	15.384259	10.919185	0.408468
15.413199	10.876106	0.412372	15.402614	10.927130	0.408568
15.430895	10.883847	0.410694	15.420968	10.935075	0.408668
15.450079	10.892201	0.413308	15.439321	10.943023	0.408768
15.470744	10.901264	0.413063	15.457630	10.955915	0.409860
15.487927	10.908795	0.413301	15.475974	10.963885	0.409960
15.505078	10.916317	0.412597	15.494317	10.971856	0.410060
15.520487	10.923062	0.412800	15.512658	10.979829	0.410160
15.539984	10.931601	0.410794	15.531000	10.987805	0.410260
15.560227	10.940418	0.412599	15.549340	10.995782	0.410360
15.576887	10.947711	0.410833	15.567680	11.003760	0.410460
15.595734	10.955921	0.410941	15.586018	11.011741	0.410560
15.616420	10.964935	0.412448	15.604356	11.019723	0.410660
15.634630	10.972903	0.411187	15.622693	11.027708	0.410760
15.650326	10.979747	0.412915	15.590306	11.068920	0.413379
15.671948	10.989219	0.413615	15.608622	11.076954	0.413479
15.689178	10.996782	0.414214	15.626936	11.084990	0.413579
15.707395	11.004791	0.413951	15.645250	11.093028	0.413679
15.725336	11.012673	0.412487	15.663563	11.101068	0.413779
15.744879	11.021225	0.413641	15.681875	11.109109	0.413879
15.762454	11.028940	0.413617	15.700187	11.117152	0.413979
15.779235	11.036306	0.415317	15.718497	11.125198	0.414079
15.798478	11.044791	0.416378	15.736807	11.133244	0.414179
15.812634	11.051052	0.417631	15.755116	11.141293	0.414279
15.829834	11.058684	0.417100	15.782585	11.139307	0.412056
15.848350	11.066888	0.417982	15.800911	11.147317	0.412156
15.867557	11.075419	0.416983	15.819236	11.155328	0.412256
15.886372	11.083753	0.417555	15.837560	11.163342	0.412356
15.902453	11.090888	0.418205	15.855884	11.171357	0.412456
15.918488	11.098014	0.417833	15.874207	11.179375	0.412556
15.934795	11.105254	0.419368	15.892529	11.187394	0.412656
15.953772	11.113714	0.421320	15.910850	11.195415	0.412756
15.973124	11.122387	0.420606	15.929170	11.203437	0.412856
15.991939	11.130803	0.423068	15.947490	11.211462	0.412956
16.011695	11.139698	0.423524	16.004327	11.191737	0.411628
16.031201	11.148492	0.423702	16.022656	11.199739	0.411728
16.049253	11.156633	0.423493	16.040985	11.207743	0.411828
16.066645	11.164473	0.423155	16.059313	11.215749	0.411928
16.086452	11.173394	0.422024	16.077640	11.223757	0.412028
16.103678	11.181128	0.421537	16.095966	11.231766	0.412128
16.119341	11.188151	0.423184	16.114291	11.239777	0.412228
16.139466	11.197216	0.422698	16.132616	11.247790	0.412328
16.157380	11.205274	0.423010	16.150940	11.255805	0.412428
16.176695	11.213969	0.423873	16.169263	11.263822	0.412528
16.198918	11.223996	0.424182	16.162700	11.288307	0.414527
16.213658	11.230653	0.423434	16.181006	11.296362	0.414627
16.233247	11.239482	0.424485	16.199311	11.304419	0.414727
16.249961	11.247036	0.423997	16.217616	11.312478	0.414827
16.269503	11.255857	0.424514	16.235919	11.320538	0.414927
16.289586	11.264934	0.425184	16.254222	11.328601	0.415027
16.308059	11.273299	0.426328	16.272525	11.336665	0.415127
16.325573	11.281254	0.425318	16.290826	11.344731	0.415227
16.342204	11.288787	0.424870	16.309126	11.352799	0.415327
16.360673	11.297142	0.425724	16.327426	11.360869	0.415427
16.377543	11.304792	0.425423	16.371344	11.342209	0.414421
16.393921	11.312213	0.425345	16.389651	11.350263	0.414521
16.412353	11.320563	0.425386	16.407957	11.358318	0.414621
16.431804	11.329375	0.423884	16.426262	11.366375	0.414721
16.448702	11.337000	0.424474	16.444567	11.374433	0.414821
16.465960	11.344800	0.424192	16.462871	11.382494	0.414921
16.481719	11.351917	0.423708	16.481174	11.390556	0.415021
16.495104	11.357954	0.424476	16.499476	11.398620	0.415121
16.511681	11.365446	0.423861	16.517777	11.406686	0.415221
16.527156	11.372428	0.423291	16.536078	11.414754	0.415321
16.543164	11.379640	0.424428	16.551975	11.426547	0.418423
16.560217	11.387346	0.425103	16.570249	11.434673	0.418523
16.577948	11.395374	0.424843	16.588523	11.442801	0.418623
16.597908	11.404403	0.424692	16.606796	11.450931	0.418723
16.613626	11.411511	0.424978	16.625068	11.459063	0.418823
16.630716	11.419245	0.425188	16.643340	11.467197	0.418923
16.650552	11.428227	0.425507	16.661610	11.475333	0.419023
16.666990	11.435677	0.424778	16.679880	11.483470	0.419123
16.683932	11.443340	0.423175	16.698149	11.491609	0.419223
16.701671	11.451329	0.424721	16.716417	11.499750	0.419323
16.720364	11.459783	0.425098	16.729093	11.516056	0.421193
16.739743	11.468556	0.424953	16.747345	11.524233	0.421293
16.757239	11.476474	0.424669	16.765597	11.532411	0.421393
16.776939	11.485382	0.425483	16.783847	11.540592	0.421493
16.795433	11.493763	0.425372	16.802097	11.548775	0.421593
16.815626	11.502911	0.424086	16.820345	11.556959	0.421693
16.835157	11.511729	0.423278	16.838593	11.565145	0.421793
16.854391	11.520393	0.422797	16.856840	11.573333	0.421893
16.873546	11.529012	0.422758	16.875087	11.581523	0.421993
16.896080	11.539149	0.422707	16.893332	11.589714	0.422093
16.916167	11.548185	0.423426	16.908742	11.600719	0.421784
16.937710	11.557894	0.423751	16.926989	11.608907	0.421884
16.952960	11.564773	0.425237	16.945235	11.617097	0.421984
16.972596	11.573666	0.425004	16.963481	11.625288	0.422084
16.989997	11.581541	0.424358	16.981726	11.633481	0.422184
17.008741	11.590010	0.423877	16.999970	11.641676	0.422284
17.024077	11.596930	0.422208	17.018213	11.649873	0.422384
17.042461	11.605189	0.421226	17.036455	11.658072	0.422484
17.063282	11.614518	0.422166	17.054697	11.666273	0.422584
17.081069	11.622507	0.421522	17.072937	11.674475	0.422684
17.101040	11.631462	0.421149	17.089478	11.675220	0.421949
17.120087	11.639994	0.422186	17.107724	11.683410	0.422049
17.142232	11.649942	0.421759	17.125969	11.691603	0.422149
17.159844	11.657844	0.421095	17.144213	11.699797	0.422249
17.180626	11.667151	0.421537	17.162457	11.707994	0.422349
17.198303	11.675078	0.423673	17.180699	11.716192	0.422449
17.218446	11.684162	0.425180	17.198941	11.724392	0.422549
17.236124	11.692167	0.425363	17.217182	11.732593	0.422649
17.254863	11.700656	0.425700	17.235422	11.740797	0.422749
17.271722	11.708301	0.426714	17.253661	11.749002	0.422849
17.288387	11.715877	0.429205	17.249552	11.775667	0.422887
17.307260	11.724515	0.430092	17.267791	11.783875	0.422987
17.325048	11.732675	0.428619	17.286028	11.792085	0.423087
17.341180	11.740046	0.429115	17.304264	11.800296	0.423187
17.358084	11.747781	0.429545	17.322500	11.808509	0.423287
17.375827	11.755908	0.430749	17.340735	11.816725	0.423387
17.394479	11.764479	0.430198	17.358969	11.824942	0.423487
17.410818	11.771977	0.430962	17.377202	11.833161	0.423587
17.427929	11.779844	0.429012	17.395435	11.841381	0.423687
17.445895	11.788062	0.428116	17.413666	11.849604	0.423787
17.467148	11.797761	0.429496	17.431991	11.853907	0.425456
17.486759	11.806743	0.429141	17.450208	11.862161	0.425556
17.506487	11.815770	0.429626	17.468424	11.870418	0.425656
17.524378	11.823967	0.429611	17.486640	11.878676	0.425756
17.540416	11.831315	0.429425	17.504854	11.886936	0.425856
17.559600	11.840099	0.429928	17.523068	11.895198	0.425956
17.580215	11.849552	0.429222	17.541281	11.903462	0.426056
17.598073	11.857726	0.429970	17.559493	11.911728	0.426156
17.616552	11.866200	0.429709	17.577704	11.919995	0.426256
17.632518	11.873517	0.428392	17.595914	11.928265	0.426356
17.650969	11.881943	0.430972	17.617649	11.935401	0.425904
17.667856	11.889707	0.430440	17.635863	11.943664	0.426004
17.688060	11.898984	0.429321	17.654075	11.951929	0.426104
17.704805	11.906650	0.429931	17.672287	11.960196	0.426204
17.721537	11.914322	0.430594	17.690498	11.968464	0.426304
17.739313	11.922488	0.430717	17.708708	11.976734	0.426404
17.756019	11.930164	0.431466	17.726917	11.985006	0.426504
17.777164	11.939899	0.432501	17.745125	11.993280	0.426604
17.796234	11.948702	0.432354	17.763333	12.001555	0.426704
17.815091	11.957404	0.432853	17.781540	12.009833	0.426804
17.835212	11.966702	0.434153	17.813759	12.008193	0.429905
17.851309	11.974165	0.436025	17.831939	12.016529	0.430005
17.867837	11.981866	0.434751	17.850118	12.024866	0.430105
17.885813	11.990214	0.435582	17.868297	12.033205	0.430205
17.906100	11.999655	0.434807	17.886474	12.041547	0.430305
17.920655	12.006415	0.434036	17.904651	12.049889	0.430405
17.937227	12.014097	0.433905	17.922827	12.058234	0.430505
17.954791	12.022235	0.434341	17.941002	12.066581	0.430605
17.972973	12.030670	0.434014	17.959176	12.074929	0.430705
17.995831	12.041264	0.433645	17.977350	12.083280	0.430805
18.013762	12.049567	0.435890	17.984479	12.099636	0.431819
18.032794	12.058431	0.436467	18.002643	12.108007	0.431919
18.049159	12.066065	0.436690	18.020807	12.116379	0.432019
18.071644	12.076560	0.437170	18.038969	12.124753	0.432119
18.090167	12.085216	0.436273	18.057131	12.133129	0.432219
18.105409	12.092323	0.436516	18.075292	12.141507	0.432319
18.123692	12.100852	0.435669	18.093452	12.149886	0.432419
18.142597	12.109653	0.435310	18.111611	12.158268	0.432519
18.163263	12.119263	0.434764	18.129769	12.166651	0.432619
18.185878	12.129766	0.436096	18.147926	12.175036	0.432719
18.203923	12.138175	0.436352	18.188711	12.157079	0.432894
18.222526	12.146850	0.435800	18.206866	12.165469	0.432994
18.242020	12.155928	0.435451	18.225020	12.173860	0.433094
18.260126	12.164352	0.435760	18.243174	12.182254	0.433194
18.279582	12.173410	0.437655	18.261327	12.190649	0.433294
18.298533	12.182278	0.438234	18.279478	12.199047	0.433394
18.316882	12.190877	0.438872	18.297629	12.207446	0.433494
18.333206	12.198540	0.440051	18.315779	12.215847	0.433594
18.350069	12.206479	0.439057	18.333928	12.224249	0.433694
18.367016	12.214438	0.439812	18.352077	12.232654	0.433794
18.383903	12.222384	0.440968	18.384728	12.226223	0.432996
18.399995	12.229979	0.442027	18.402882	12.234615	0.433096
18.418381	12.238680	0.442564	18.421036	12.243008	0.433196
18.435565	12.246824	0.442394	18.439188	12.251404	0.433296
18.453677	12.255404	0.443908	18.457340	12.259801	0.433396
18.472590	12.264398	0.444470	18.475491	12.268200	0.433496
18.487393	12.271448	0.444476	18.493641	12.276601	0.433596
18.505594	12.280117	0.443784	18.511790	12.285004	0.433696
18.524074	12.288902	0.445207	18.529938	12.293408	0.433796
18.542249	12.297575	0.446133	18.548086	12.301815	0.433896
18.562021	12.307032	0.447323	18.521670	12.360359	0.439134
18.579551	12.315442	0.445923	18.539772	12.368862	0.439234
18.598534	12.324516	0.446645	18.557874	12.377367	0.439334
18.618353	12.334008	0.447849	18.575974	12.385874	0.439434
18.635367	12.342182	0.449513	18.594074	12.394383	0.439534
18.654464	12.351395	0.449401	18.612173	12.402893	0.439634
18.673224	12.360443	0.449026	18.630271	12.411405	0.439734
18.687472	12.367309	0.448919	18.648369	12.419919	0.439834
18.704945	12.375726	0.449598	18.666465	12.428435	0.439934
18.723629	12.384742	0.448282	18.684561	12.436952	0.440034
18.744344	12.394705	0.447460	18.733088	12.410792	0.437784
18.762265	12.403305	0.447472	18.751202	12.419271	0.437884
18.778823	12.411253	0.447288	18.769315	12.427751	0.437984
18.797987	12.420446	0.447728	18.787427	12.436234	0.438084
18.818180	12.430143	0.447230	18.805539	12.444718	0.438184
18.835584	12.438491	0.447821	18.823649	12.453204	0.438284
18.853673	12.447180	0.448396	18.841759	12.461691	0.438384
18.871976	12.455986	0.450040	18.859868	12.470181	0.438484
18.889055	12.464236	0.451989	18.877976	12.478672	0.438584
18.905444	12.472194	0.453542	18.896083	12.487165	0.438684
18.923285	12.480890	0.453965	18.889570	12.537002	0.443767
18.940866	12.489469	0.453868	18.907633	12.545589	0.443867
18.959969	12.498788	0.454424	18.925695	12.554178	0.443967
18.975850	12.506546	0.454547	18.943756	12.562769	0.444067
18.990930	12.513915	0.453560	18.961816	12.571361	0.444167
19.007947	12.522210	0.453282	18.979875	12.579955	0.444267
19.024889	12.530463	0.453872	18.997934	12.588551	0.444367
19.039744	12.537710	0.454525	19.015992	12.597149	0.444467
19.059281	12.547256	0.452381	19.034048	12.605748	0.444567
19.077004	12.555870	0.450540	19.052104	12.614349	0.444667
19.098624	12.566328	0.450844	19.042450	12.669104	0.446294
19.113639	12.573597	0.451634	19.060491	12.677736	0.446394
19.130941	12.581989	0.452309	19.078531	12.686371	0.446494
19.149716	12.591112	0.450920	19.096570	12.695007	0.446594
19.163633	12.597851	0.450709	19.114609	12.703645	0.446694
19.181844	12.606663	0.451770	19.132646	12.712284	0.446794
19.200727	12.615826	0.450450	19.150683	12.720926	0.446894
19.216216	12.623317	0.448388	19.168719	12.729569	0.446994
19.229533	12.629723	0.448220	19.186754	12.738214	0.447094
19.248482	12.638835	0.447230	19.204788	12.746861	0.447194
19.266779	12.647611	0.447042	19.236930	12.739023	0.446047
19.287269	12.657434	0.446374	19.254973	12.747651	0.446147
19.301826	12.664401	0.445564	19.273016	12.756280	0.446247
19.315787	12.671069	0.444406	19.291057	12.764912	0.446347
19.335720	12.680560	0.445263	19.309098	12.773546	0.446447
19.353016	12.688815	0.445507	19.327137	12.782181	0.446547
19.370232	12.697036	0.445775	19.345176	12.790818	0.446647
19.388515	12.705772	0.445204	19.363214	12.799457	0.446747
19.406370	12.714292	0.445531	19.381252	12.808097	0.446847
19.425302	12.723333	0.444090	19.399288	12.816740	0.446947
19.444270	12.732358	0.444112	19.464457	12.771419	0.440072
19.461106	12.740368	0.443707	19.482552	12.779939	0.440172
19.477816	12.748311	0.443887	19.500645	12.788461	0.440272
19.493865	12.755943	0.443562	19.518738	12.796985	0.440372
19.511092	12.764128	0.442751	19.536830	12.805511	0.440472
19.525390	12.770907	0.442720	19.554921	12.814038	0.440572
19.546231	12.780788	0.440542	19.573011	12.822567	0.440672
19.566184	12.790195	0.440111	19.591101	12.831098	0.440772
19.585469	12.799277	0.439274	19.609189	12.839631	0.440872
19.602732	12.807388	0.437184	19.627277	12.848165	0.440972
19.620062	12.815488	0.436339	19.599543	12.926812	0.443646
19.642238	12.825828	0.436606	19.617607	12.935396	0.443746
19.659791	12.834019	0.437908	19.635670	12.943983	0.443846
19.677180	12.842162	0.438144	19.653732	12.952571	0.443946
19.695847	12.850907	0.437082	19.671793	12.961161	0.444046
19.713524	12.859166	0.439432	19.689854	12.969753	0.444146
19.732176	12.867934	0.440072	19.707913	12.978347	0.444246
19.749943	12.876300	0.443214	19.725972	12.986942	0.444346
19.766907	12.884353	0.444021	19.744030	12.995540	0.444446
19.786009	12.893440	0.444592	19.762087	13.004139	0.444546
19.806250	12.903083	0.444837	19.816491	12.958657	0.441858
19.826950	12.912951	0.445149	19.834570	12.967209	0.441958
19.844579	12.921361	0.446769	19.852648	12.975763	0.442058
19.863906	12.930620	0.446632	19.870726	12.984319	0.442158
19.882635	12.939590	0.449135	19.888803	12.992877	0.442258
19.901024	12.948453	0.448481	19.906878	13.001437	0.442358
19.919323	12.957258	0.448822	19.924953	13.009998	0.442458
19.934623	12.964627	0.448105	19.943027	13.018561	0.442558
19.953913	12.973900	0.446726	19.961100	13.027127	0.442658
19.973076	12.983080	0.445728	19.979173	13.035693	0.442758
19.991446	12.991857	0.444647	19.999541	13.047207	0.444049
20.009307	13.000367	0.443063	20.017601	13.055799	0.444149
20.026529	13.008539	0.443117	20.035660	13.064393	0.444249
20.045270	13.017433	0.441821	20.053719	13.072988	0.444349
20.064735	13.026641	0.440835	20.071777	13.081586	0.444449
20.080217	13.033945	0.441424	20.089834	13.090185	0.444549
20.099491	13.043052	0.441209	20.107890	13.098786	0.444649
20.113780	13.049801	0.440999	20.125945	13.107389	0.444749
20.133469	13.059094	0.441418	20.144000	13.115993	0.444849
20.149492	13.066665	0.441269	20.162053	13.124600	0.444949
20.161993	13.072569	0.440482	20.163244	13.165205	0.448475
20.179370	13.080760	0.439925	20.181266	13.173877	0.448575
20.197757	13.089415	0.438909	20.199287	13.182550	0.448675
20.215641	13.097811	0.439613	20.217308	13.191226	0.448775
20.231636	13.105333	0.438021	20.235327	13.199903	0.448875
20.250756	13.114288	0.438658	20.253346	13.208582	0.448975
20.271357	13.123953	0.440261	20.271364	13.217263	0.449075
20.290013	13.132742	0.439877	20.289381	13.225945	0.449175
20.302736	13.138730	0.439324	20.307397	13.234630	0.449275
20.322455	13.147997	0.439679	20.325412	13.243316	0.449375
20.342258	13.157312	0.440403	20.332559	13.270352	0.449416
20.362768	13.166978	0.439944	20.350573	13.279041	0.449516
20.381482	13.175787	0.439484	20.368586	13.287732	0.449616
20.399025	13.184035	0.439798	20.386598	13.296424	0.449716
20.415448	13.191762	0.439860	20.404609	13.305118	0.449816
20.432296	13.199691	0.439583	20.422620	13.313814	0.449916
20.453645	13.209731	0.439032	20.440630	13.322512	0.450016
20.471287	13.218015	0.438886	20.458638	13.331212	0.450116
20.488311	13.226007	0.439747	20.476646	13.339913	0.450216
20.506017	13.234337	0.440376	20.494653	13.348616	0.450316
20.523578	13.242612	0.439065	20.491483	13.384218	0.450518
