	0	0	10	0	17.3205
	0.01	0.1	10	0.172715	17.2225
	0.02	0.2	10	0.34445	17.1245
	0.03	0.3	10	0.515205	17.0265
	0.04	0.4	10	0.68498	16.9285
	0.05	0.5	10	0.853775	16.8305
	0.06	0.6	10	1.02159	16.7325
	0.07	0.7	10	1.18843	16.6345
	0.08	0.8	10	1.35428	16.5365
	0.09	0.9	10	1.51916	16.4385
	0.1	1	10	1.68305	16.3405
	0.11	1.1	10	1.84597	16.2425
	0.12	1.2	10	2.0079	16.1445
	0.13	1.3	10	2.16886	16.0465
	0.14	1.4	10	2.32883	15.9485
	0.15	1.5	10	2.48783	15.8505
	0.16	1.6	10	2.64584	15.7525
	0.17	1.7	10	2.80288	15.6545
	0.18	1.8	10	2.95893	15.5565
	0.19	1.9	10	3.11401	15.4585
	0.2	2	10	3.2681	15.3605
	0.21	2.1	10	3.42122	15.2625
	0.22	2.2	10	3.57335	15.1645
	0.23	2.3	10	3.72451	15.0665
	0.24	2.4	10	3.87468	14.9685
	0.25	2.5	10	4.02388	14.8705
	0.26	2.6	10	4.17209	14.7725
	0.27	2.7	10	4.31933	14.6745
	0.28	2.8	10	4.46558	14.5765
	0.29	2.9	10	4.61086	14.4785
	0.3	3	10	4.75515	14.3805
	0.31	3.1	10	4.89847	14.2825
	0.32	3.2	10	5.0408	14.1845
	0.33	3.3	10	5.18216	14.0865
	0.34	3.4	10	5.32253	13.9885
	0.35	3.5	10	5.46193	13.8905
	0.36	3.6	10	5.60034	13.7925
	0.37	3.7	10	5.73778	13.6945
	0.38	3.8	10	5.87423	13.5965
	0.39	3.9	10	6.00971	13.4985
	0.4	4	10	6.1442	13.4005
	0.41	4.1	10	6.27772	13.3025
	0.42	4.2	10	6.41025	13.2045
	0.43	4.3	10	6.54181	13.1065
	0.44	4.4	10	6.67238	13.0085
	0.45	4.5	10	6.80198	12.9105
	0.46	4.6	10	6.93059	12.8125
	0.47	4.7	10	7.05823	12.7145
	0.48	4.8	10	7.18488	12.6165
	0.49	4.9	10	7.31056	12.5185
	0.5	5	10	7.43525	12.4205
	0.51	5.1	10	7.55897	12.3225
	0.52	5.2	10	7.6817	12.2245
	0.53	5.3	10	7.80346	12.1265
	0.54	5.4	10	7.92423	12.0285
	0.55	5.5	10	8.04403	11.9305
	0.56	5.6	10	8.16284	11.8325
	0.57	5.7	10	8.28068	11.7345
	0.58	5.8	10	8.39753	11.6365
	0.59	5.9	10	8.51341	11.5385
	0.6	6	10	8.6283	11.4405
	0.61	6.1	10	8.74222	11.3425
	0.62	6.2	10	8.85516	11.2445
	0.63	6.3	10	8.96711	11.1465
	0.64	6.4	10	9.07809	11.0485
	0.65	6.5	10	9.18808	10.9505
	0.66	6.6	10	9.2971	10.8525
	0.67	6.7	10	9.40513	10.7545
	0.68	6.8	10	9.51219	10.6565
	0.69	6.9	10	9.61826	10.5585
	0.7	7	10	9.72336	10.4605
	0.71	7.1	10	9.82747	10.3625
	0.72	7.2	10	9.93061	10.2645
	0.73	7.3	10	10.0328	10.1665
	0.74	7.4	10	10.1339	10.0685
	0.75	7.5	10	10.2341	9.97051
	0.76	7.6	10	10.3333	9.87251
	0.77	7.7	10	10.4316	9.77451
	0.78	7.8	10	10.5288	9.67651
	0.79	7.9	10	10.6251	9.57851
	0.8	8	10	10.7204	9.48051
	0.81	8.1	10	10.8147	9.38251
	0.82	8.2	10	10.9081	9.28451
	0.83	8.3	10	11.0004	9.18651
	0.84	8.4	10	11.0918	9.08851
	0.85	8.5	10	11.1822	8.99051
	0.86	8.6	10	11.2716	8.89251
	0.87	8.7	10	11.36	8.79451
	0.88	8.8	10	11.4475	8.69651
	0.89	8.9	10	11.534	8.59851
	0.9	9	10	11.6195	8.50051
	0.91	9.1	10	11.704	8.40251
	0.92	9.2	10	11.7875	8.30451
	0.93	9.3	10	11.8701	8.20651
	0.94	9.4	10	11.9516	8.10851
	0.95	9.5	10	12.0322	8.01051
	0.96	9.6	10	12.1118	7.91251
	0.97	9.7	10	12.1905	7.81451
	0.98	9.8	10	12.2681	7.71651
	0.99	9.9	10	12.3448	7.61851
	1	10	10	12.4205	7.52051
	1.01	10.1	10	12.4952	7.42251
	1.02	10.2	10	12.569	7.32451
	1.03	10.3	10	12.6417	7.22651
	1.04	10.4	10	12.7135	7.12851
	1.05	10.5	10	12.7843	7.03051
	1.06	10.6	10	12.8541	6.93251
	1.07	10.7	10	12.9229	6.83451
	1.08	10.8	10	12.9908	6.73651
	1.09	10.9	10	13.0577	6.63851
	1.1	11	10	13.1236	6.54051
	1.11	11.1	10	13.1885	6.44251
	1.12	11.2	10	13.2524	6.34451
	1.13	11.3	10	13.3154	6.24651
	1.14	11.4	10	13.3773	6.14851
	1.15	11.5	10	13.4383	6.05051
	1.16	11.6	10	13.4983	5.95251
	1.17	11.7	10	13.5574	5.85451
	1.18	11.8	10	13.6154	5.75651
	1.19	11.9	10	13.6725	5.65851
	1.2	12	10	13.7286	5.56051
	1.21	12.1	10	13.7837	5.46251
	1.22	12.2	10	13.8379	5.36451
	1.23	12.3	10	13.891	5.26651
	1.24	12.4	10	13.9432	5.16851
	1.25	12.5	10	13.9944	5.07051
	1.26	12.6	10	14.0446	4.97251
	1.27	12.7	10	14.0938	4.87451
	1.28	12.8	10	14.1421	4.77651
	1.29	12.9	10	14.1894	4.67851
	1.3	13	10	14.2357	4.58051
	1.31	13.1	10	14.281	4.48251
	1.32	13.2	10	14.3253	4.38451
	1.33	13.3	10	14.3687	4.28651
	1.34	13.4	10	14.411	4.18851
	1.35	13.5	10	14.4524	4.09051
	1.36	13.6	10	14.4929	3.99251
	1.37	13.7	10	14.5323	3.89451
	1.38	13.8	10	14.5707	3.79651
	1.39	13.9	10	14.6082	3.69851
	1.4	14	10	14.6447	3.60051
	1.41	14.1	10	14.6802	3.50251
	1.42	14.2	10	14.7148	3.40451
	1.43	14.3	10	14.7483	3.30651
	1.44	14.4	10	14.7809	3.20851
	1.45	14.5	10	14.8125	3.11051
	1.46	14.6	10	14.8431	3.01251
	1.47	14.7	10	14.8727	2.91451
	1.48	14.8	10	14.9014	2.81651
	1.49	14.9	10	14.9291	2.71851
	1.5	15	10	14.9558	2.62051
	1.51	15.1	10	14.9815	2.52251
	1.52	15.2	10	15.0062	2.42451
	1.53	15.3	10	15.03	2.32651
	1.54	15.4	10	15.0527	2.22851
	1.55	15.5	10	15.0745	2.13051
	1.56	15.6	10	15.0954	2.03251
	1.57	15.7	10	15.1152	1.93451
	1.58	15.8	10	15.134	1.83651
	1.59	15.9	10	15.1519	1.73851
	1.6	16	10	15.1688	1.64051
	1.61	16.1	10	15.1847	1.54251
	1.62	16.2	10	15.1997	1.44451
	1.63	16.3	10	15.2136	1.34651
	1.64	16.4	10	15.2266	1.24851
	1.65	16.5	10	15.2386	1.15051
	1.66	16.6	10	15.2496	1.05251
	1.67	16.7	10	15.2596	0.954508
	1.68	16.8	10	15.2687	0.856508
	1.69	16.9	10	15.2768	0.758508
	1.7	17	10	15.2839	0.660508
	1.71	17.1	10	15.29	0.562508
	1.72	17.2	10	15.2951	0.464508
	1.73	17.3	10	15.2993	0.366508
	1.74	17.4	10	15.3024	0.268508
	1.75	17.5	10	15.3046	0.170508
	1.76	17.6	10	15.3059	0.0725081
	1.77	17.7	10	15.3061	-0.0254919
	1.78	17.8	10	15.3053	-0.123492
	1.79	17.9	10	15.3036	-0.221492
	1.8	18	10	15.3009	-0.319492
	1.81	18.1	10	15.2972	-0.417492
	1.82	18.2	10	15.2926	-0.515492
	1.83	18.3	10	15.2869	-0.613492
	1.84	18.4	10	15.2803	-0.711492
	1.85	18.5	10	15.2727	-0.809492
	1.86	18.6	10	15.2641	-0.907492
	1.87	18.7	10	15.2545	-1.00549
	1.88	18.8	10	15.244	-1.10349
	1.89	18.9	10	15.2325	-1.20149
	1.9	19	10	15.22	-1.29949
	1.91	19.1	10	15.2065	-1.39749
	1.92	19.2	10	15.192	-1.49549
	1.93	19.3	10	15.1766	-1.59349
	1.94	19.4	10	15.1601	-1.69149
	1.95	19.5	10	15.1427	-1.78949
	1.96	19.6	10	15.1244	-1.88749
	1.97	19.7	10	15.105	-1.98549
	1.98	19.8	10	15.0846	-2.08349
	1.99	19.9	10	15.0633	-2.18149
	2	20	10	15.041	-2.27949
	2.01	20.1	10	15.0177	-2.37749
	2.02	20.2	10	14.9935	-2.47549
	2.03	20.3	10	14.9682	-2.57349
	2.04	20.4	10	14.942	-2.67149
	2.05	20.5	10	14.9148	-2.76949
	2.06	20.6	10	14.8866	-2.86749
	2.07	20.7	10	14.8574	-2.96549
	2.08	20.8	10	14.8273	-3.06349
	2.09	20.9	10	14.7962	-3.16149
	2.1	21	10	14.7641	-3.25949
	2.11	21.1	10	14.731	-3.35749
	2.12	21.2	10	14.6969	-3.45549
	2.13	21.3	10	14.6619	-3.55349
	2.14	21.4	10	14.6258	-3.65149
	2.15	21.5	10	14.5888	-3.74949
	2.16	21.6	10	14.5509	-3.84749
	2.17	21.7	10	14.5119	-3.94549
	2.18	21.8	10	14.4719	-4.04349
	2.19	21.9	10	14.431	-4.14149
	2.2	22	10	14.3891	-4.23949
	2.21	22.1	10	14.3462	-4.33749
	2.22	22.2	10	14.3024	-4.43549
	2.23	22.3	10	14.2575	-4.53349
	2.24	22.4	10	14.2117	-4.63149
	2.25	22.5	10	14.1649	-4.72949
	2.26	22.6	10	14.1171	-4.82749
	2.27	22.7	10	14.0683	-4.92549
	2.28	22.8	10	14.0186	-5.02349
	2.29	22.9	10	13.9679	-5.12149
	2.3	23	10	13.9162	-5.21949
	2.31	23.1	10	13.8635	-5.31749
	2.32	23.2	10	13.8098	-5.41549
	2.33	23.3	10	13.7552	-5.51349
	2.34	23.4	10	13.6995	-5.61149
	2.35	23.5	10	13.6429	-5.70949
	2.36	23.6	10	13.5854	-5.80749
	2.37	23.7	10	13.5268	-5.90549
	2.38	23.8	10	13.4672	-6.00349
	2.39	23.9	10	13.4067	-6.10149
	2.4	24	10	13.3452	-6.19949
	2.41	24.1	10	13.2827	-6.29749
	2.42	24.2	10	13.2193	-6.39549
	2.43	24.3	10	13.1548	-6.49349
	2.44	24.4	10	13.0894	-6.59149
	2.45	24.5	10	13.023	-6.68949
	2.46	24.6	10	12.9556	-6.78749
	2.47	24.7	10	12.8872	-6.88549
	2.48	24.8	10	12.8179	-6.98349
	2.49	24.9	10	12.7476	-7.08149
	2.5	25	10	12.6763	-7.17949
	2.51	25.1	10	12.604	-7.27749
	2.52	25.2	10	12.5307	-7.37549
	2.53	25.3	10	12.4565	-7.47349
	2.54	25.4	10	12.3813	-7.57149
	2.55	25.5	10	12.305	-7.66949
	2.56	25.6	10	12.2279	-7.76749
	2.57	25.7	10	12.1497	-7.86549
	2.58	25.8	10	12.0706	-7.96349
	2.59	25.9	10	11.9904	-8.06149
	2.6	26	10	11.9093	-8.15949
	2.61	26.1	10	11.8272	-8.25749
	2.62	26.2	10	11.7442	-8.35549
	2.63	26.3	10	11.6601	-8.45349
	2.64	26.4	10	11.5751	-8.55149
	2.65	26.5	10	11.4891	-8.64949
	2.66	26.6	10	11.4021	-8.74749
	2.67	26.7	10	11.3141	-8.84549
	2.68	26.8	10	11.2252	-8.94349
	2.69	26.9	10	11.1353	-9.04149
	2.7	27	10	11.0444	-9.13949
	2.71	27.1	10	10.9525	-9.23749
	2.72	27.2	10	10.8596	-9.33549
	2.73	27.3	10	10.7658	-9.43349
	2.74	27.4	10	10.671	-9.53149
	2.75	27.5	10	10.5751	-9.62949
	2.76	27.6	10	10.4784	-9.72749
	2.77	27.7	10	10.3806	-9.82549
	2.78	27.8	10	10.2819	-9.92349
	2.79	27.9	10	10.1821	-10.0215
	2.8	28	10	10.0814	-10.1195
	2.81	28.1	10	9.97974	-10.2175
	2.82	28.2	10	9.87707	-10.3155
	2.83	28.3	10	9.77343	-10.4135
	2.84	28.4	10	9.6688	-10.5115
	2.85	28.5	10	9.5632	-10.6095
	2.86	28.6	10	9.45661	-10.7075
	2.87	28.7	10	9.34905	-10.8055
	2.88	28.8	10	9.2405	-10.9035
	2.89	28.9	10	9.13098	-11.0015
	2.9	29	10	9.02047	-11.0995
	2.91	29.1	10	8.90899	-11.1975
	2.92	29.2	10	8.79652	-11.2955
	2.93	29.3	10	8.68308	-11.3935
	2.94	29.4	10	8.56865	-11.4915
	2.95	29.5	10	8.45325	-11.5895
	2.96	29.6	10	8.33686	-11.6875
	2.97	29.7	10	8.2195	-11.7855
	2.98	29.8	10	8.10115	-11.8835
	2.99	29.9	10	7.98183	-11.9815
	3	30	10	7.86152	-12.0795
	3.01	30.1	10	7.74024	-12.1775
	3.02	30.2	10	7.61797	-12.2755
	3.03	30.3	10	7.49473	-12.3735
	3.04	30.4	10	7.3705	-12.4715
	3.05	30.5	10	7.2453	-12.5695
	3.06	30.6	10	7.11911	-12.6675
	3.07	30.7	10	6.99195	-12.7655
	3.08	30.8	10	6.8638	-12.8635
	3.09	30.9	10	6.73468	-12.9615
	3.1	31	10	6.60458	-13.0595
	3.11	31.1	10	6.47349	-13.1575
	3.12	31.2	10	6.34143	-13.2555
	3.13	31.3	10	6.20838	-13.3535
	3.14	31.4	10	6.07436	-13.4515
	3.15	31.5	10	5.93935	-13.5495
	3.16	31.6	10	5.80337	-13.6475
	3.17	31.7	10	5.6664	-13.7455
	3.18	31.8	10	5.52846	-13.8435
	3.19	31.9	10	5.38953	-13.9415
	3.2	32	10	5.24963	-14.0395
	3.21	32.1	10	5.10874	-14.1375
	3.22	32.2	10	4.96688	-14.2355
	3.23	32.3	10	4.82403	-14.3335
	3.24	32.4	10	4.68021	-14.4315
	3.25	32.5	10	4.5354	-14.5295
	3.26	32.6	10	4.38962	-14.6275
	3.27	32.7	10	4.24285	-14.7255
	3.28	32.8	10	4.09511	-14.8235
	3.29	32.9	10	3.94638	-14.9215
	3.3	33	10	3.79668	-15.0195
	3.31	33.1	10	3.64599	-15.1175
	3.32	33.2	10	3.49433	-15.2155
	3.33	33.3	10	3.34168	-15.3135
	3.34	33.4	10	3.18806	-15.4115
	3.35	33.5	10	3.03345	-15.5095
	3.36	33.6	10	2.87787	-15.6075
	3.37	33.7	10	2.7213	-15.7055
	3.38	33.8	10	2.56376	-15.8035
	3.39	33.9	10	2.40523	-15.9015
	3.4	34	10	2.24573	-15.9995
	3.41	34.1	10	2.08524	-16.0975
	3.42	34.2	10	1.92378	-16.1955
	3.43	34.3	10	1.76133	-16.2935
	3.44	34.4	10	1.59791	-16.3915
	3.45	34.5	10	1.4335	-16.4895
	3.46	34.6	10	1.26812	-16.5875
	3.47	34.7	10	1.10175	-16.6855
	3.48	34.8	10	0.934408	-16.7835
	3.49	34.9	10	0.766083	-16.8815
	3.5	35	10	0.596778	-16.9795
	3.51	35.1	10	0.426493	-17.0775
	3.52	35.2	10	0.255228	-17.1755
	3.53	35.3	10	0.0829835	-17.2735
