	Time	Pos_x	Pos_y
	0	0	0
	0.01	0.1	0.173205
	0.02	0.2	0.34543
	0.03	0.3	0.516675
	0.04	0.4	0.68694
	0.05	0.5	0.856225
	0.06	0.6	1.02453
	0.07	0.7	1.19186
	0.08	0.8	1.3582
	0.09	0.9	1.52357
	0.1	1	1.68795
	0.11	1.1	1.85136
	0.12	1.2	2.01378
	0.13	1.3	2.17523
	0.14	1.4	2.33569
	0.15	1.5	2.49518
	0.16	1.6	2.65368
	0.17	1.7	2.81121
	0.18	1.8	2.96775
	0.19	1.9	3.12332
	0.2	2	3.2779
	0.21	2.1	3.43151
	0.22	2.2	3.58413
	0.23	2.3	3.73578
	0.24	2.4	3.88644
	0.25	2.5	4.03613
	0.26	2.6	4.18483
	0.27	2.7	4.33256
	0.28	2.8	4.4793
	0.29	2.9	4.62507
	0.3	3	4.76985
	0.31	3.1	4.91366
	0.32	3.2	5.05648
	0.33	3.3	5.19833
	0.34	3.4	5.33919
	0.35	3.5	5.47908
	0.36	3.6	5.61798
	0.37	3.7	5.75591
	0.38	3.8	5.89285
	0.39	3.9	6.02882
	0.4	4	6.1638
	0.41	4.1	6.29781
	0.42	4.2	6.43083
	0.43	4.3	6.56288
	0.44	4.4	6.69394
	0.45	4.5	6.82403
	0.46	4.6	6.95313
	0.47	4.7	7.08126
	0.48	4.8	7.2084
	0.49	4.9	7.33457
	0.5	5	7.45975
	0.51	5.1	7.58396
	0.52	5.2	7.70718
	0.53	5.3	7.82943
	0.54	5.4	7.95069
	0.55	5.5	8.07098
	0.56	5.6	8.19028
	0.57	5.7	8.30861
	0.58	5.8	8.42595
	0.59	5.9	8.54232
	0.6	6	8.6577
	0.61	6.1	8.77211
	0.62	6.2	8.88554
	0.63	6.3	8.99798
	0.64	6.4	9.10945
	0.65	6.5	9.21993
	0.66	6.6	9.32944
	0.67	6.7	9.43796
	0.68	6.8	9.54551
	0.69	6.9	9.65207
	0.7	7	9.75766
	0.71	7.1	9.86226
	0.72	7.2	9.96589
	0.73	7.3	10.0685
	0.74	7.4	10.1702
	0.75	7.5	10.2709
	0.76	7.6	10.3706
	0.77	7.7	10.4693
	0.78	7.8	10.5671
	0.79	7.9	10.6638
	0.8	8	10.7596
	0.81	8.1	10.8544
	0.82	8.2	10.9482
	0.83	8.3	11.0411
	0.84	8.4	11.1329
	0.85	8.5	11.2238
	0.86	8.6	11.3137
	0.87	8.7	11.4027
	0.88	8.8	11.4906
	0.89	8.9	11.5776
	0.9	9	11.6636
	0.91	9.1	11.7486
	0.92	9.2	11.8326
	0.93	9.3	11.9156
	0.94	9.4	11.9977
	0.95	9.5	12.0788
	0.96	9.6	12.1589
	0.97	9.7	12.238
	0.98	9.8	12.3162
	0.99	9.9	12.3933
	1	10	12.4695
	1.01	10.1	12.5447
	1.02	10.2	12.6189
	1.03	10.3	12.6922
	1.04	10.4	12.7644
	1.05	10.5	12.8357
	1.06	10.6	12.906
	1.07	10.7	12.9754
	1.08	10.8	13.0437
	1.09	10.9	13.1111
	1.1	11	13.1775
	1.11	11.1	13.2429
	1.12	11.2	13.3073
	1.13	11.3	13.3707
	1.14	11.4	13.4332
	1.15	11.5	13.4947
	1.16	11.6	13.5552
	1.17	11.7	13.6147
	1.18	11.8	13.6733
	1.19	11.9	13.7308
	1.2	12	13.7874
	1.21	12.1	13.843
	1.22	12.2	13.8976
	1.23	12.3	13.9513
	1.24	12.4	14.004
	1.25	12.5	14.0556
	1.26	12.6	14.1063
	1.27	12.7	14.1561
	1.28	12.8	14.2048
	1.29	12.9	14.2526
	1.3	13	14.2994
	1.31	13.1	14.3452
	1.32	13.2	14.39
	1.33	13.3	14.4338
	1.34	13.4	14.4767
	1.35	13.5	14.5186
	1.36	13.6	14.5595
	1.37	13.7	14.5994
	1.38	13.8	14.6384
	1.39	13.9	14.6763
	1.4	14	14.7133
	1.41	14.1	14.7493
	1.42	14.2	14.7843
	1.43	14.3	14.8184
	1.44	14.4	14.8515
	1.45	14.5	14.8835
	1.46	14.6	14.9146
	1.47	14.7	14.9448
	1.48	14.8	14.9739
	1.49	14.9	15.0021
	1.5	15	15.0293
	1.51	15.1	15.0555
	1.52	15.2	15.0807
	1.53	15.3	15.1049
	1.54	15.4	15.1282
	1.55	15.5	15.1505
	1.56	15.6	15.1718
	1.57	15.7	15.1921
	1.58	15.8	15.2115
	1.59	15.9	15.2298
	1.6	16	15.2472
	1.61	16.1	15.2636
	1.62	16.2	15.279
	1.63	16.3	15.2935
	1.64	16.4	15.307
	1.65	16.5	15.3194
	1.66	16.6	15.3309
	1.67	16.7	15.3415
	1.68	16.8	15.351
	1.69	16.9	15.3596
	1.7	17	15.3672
	1.71	17.1	15.3738
	1.72	17.2	15.3794
	1.73	17.3	15.384
	1.74	17.4	15.3877
	1.75	17.5	15.3904
	1.76	17.6	15.3921
	1.77	17.7	15.3928
	1.78	17.8	15.3926
	1.79	17.9	15.3913
	1.8	18	15.3891
	1.81	18.1	15.3859
	1.82	18.2	15.3817
	1.83	18.3	15.3766
	1.84	18.4	15.3705
	1.85	18.5	15.3633
	1.86	18.6	15.3552
	1.87	18.7	15.3462
	1.88	18.8	15.3361
	1.89	18.9	15.3251
	1.9	19	15.3131
	1.91	19.1	15.3001
	1.92	19.2	15.2861
	1.93	19.3	15.2711
	1.94	19.4	15.2552
	1.95	19.5	15.2383
	1.96	19.6	15.2204
	1.97	19.7	15.2015
	1.98	19.8	15.1817
	1.99	19.9	15.1608
	2	20	15.139
	2.01	20.1	15.1162
	2.02	20.2	15.0924
	2.03	20.3	15.0677
	2.04	20.4	15.042
	2.05	20.5	15.0152
	2.06	20.6	14.9875
	2.07	20.7	14.9589
	2.08	20.8	14.9292
	2.09	20.9	14.8986
	2.1	21	14.867
	2.11	21.1	14.8344
	2.12	21.2	14.8008
	2.13	21.3	14.7662
	2.14	21.4	14.7307
	2.15	21.5	14.6942
	2.16	21.6	14.6567
	2.17	21.7	14.6182
	2.18	21.8	14.5788
	2.19	21.9	14.5383
	2.2	22	14.4969
	2.21	22.1	14.4545
	2.22	22.2	14.4111
	2.23	22.3	14.3668
	2.24	22.4	14.3215
	2.25	22.5	14.2751
	2.26	22.6	14.2278
	2.27	22.7	14.1796
	2.28	22.8	14.1303
	2.29	22.9	14.0801
	2.3	23	14.0289
	2.31	23.1	13.9767
	2.32	23.2	13.9235
	2.33	23.3	13.8693
	2.34	23.4	13.8142
	2.35	23.5	13.7581
	2.36	23.6	13.701
	2.37	23.7	13.6429
	2.38	23.8	13.5839
	2.39	23.9	13.5238
	2.4	24	13.4628
	2.41	24.1	13.4008
	2.42	24.2	13.3378
	2.43	24.3	13.2739
	2.44	24.4	13.209
	2.45	24.5	13.143
	2.46	24.6	13.0761
	2.47	24.7	13.0083
	2.48	24.8	12.9394
	2.49	24.9	12.8696
	2.5	25	12.7988
	2.51	25.1	12.727
	2.52	25.2	12.6542
	2.53	25.3	12.5804
	2.54	25.4	12.5057
	2.55	25.5	12.43
	2.56	25.6	12.3533
	2.57	25.7	12.2756
	2.58	25.8	12.197
	2.59	25.9	12.1173
	2.6	26	12.0367
	2.61	26.1	11.9551
	2.62	26.2	11.8726
	2.63	26.3	11.789
	2.64	26.4	11.7045
	2.65	26.5	11.6189
	2.66	26.6	11.5325
	2.67	26.7	11.445
	2.68	26.8	11.3565
	2.69	26.9	11.2671
	2.7	27	11.1767
	2.71	27.1	11.0853
	2.72	27.2	10.9929
	2.73	27.3	10.8995
	2.74	27.4	10.8052
	2.75	27.5	10.7099
	2.76	27.6	10.6136
	2.77	27.7	10.5163
	2.78	27.8	10.4181
	2.79	27.9	10.3188
	2.8	28	10.2186
	2.81	28.1	10.1174
	2.82	28.2	10.0153
	2.83	28.3	9.9121
	2.84	28.4	9.80796
	2.85	28.5	9.70285
	2.86	28.6	9.59675
	2.87	28.7	9.48968
	2.88	28.8	9.38162
	2.89	28.9	9.27259
	2.9	29	9.16257
	2.91	29.1	9.05158
	2.92	29.2	8.9396
	2.93	29.3	8.82665
	2.94	29.4	8.71271
	2.95	29.5	8.5978
	2.96	29.6	8.4819
	2.97	29.7	8.36503
	2.98	29.8	8.24717
	2.99	29.9	8.12834
	3	30	8.00852
	3.01	30.1	7.88773
	3.02	30.2	7.76595
	3.03	30.3	7.6432
	3.04	30.4	7.51946
	3.05	30.5	7.39475
	3.06	30.6	7.26905
	3.07	30.7	7.14238
	3.08	30.8	7.01472
	3.09	30.9	6.88609
	3.1	31	6.75648
	3.11	31.1	6.62588
	3.12	31.2	6.49431
	3.13	31.3	6.36175
	3.14	31.4	6.22822
	3.15	31.5	6.0937
	3.16	31.6	5.95821
	3.17	31.7	5.82173
	3.18	31.8	5.68428
	3.19	31.9	5.54584
	3.2	32	5.40643
	3.21	32.1	5.26603
	3.22	32.2	5.12466
	3.23	32.3	4.9823
	3.24	32.4	4.83897
	3.25	32.5	4.69465
	3.26	32.6	4.54936
	3.27	32.7	4.40308
	3.28	32.8	4.25583
	3.29	32.9	4.10759
	3.3	33	3.95838
	3.31	33.1	3.80818
	3.32	33.2	3.65701
	3.33	33.3	3.50485
	3.34	33.4	3.35172
	3.35	33.5	3.1976
	3.36	33.6	3.04251
	3.37	33.7	2.88643
	3.38	33.8	2.72938
	3.39	33.9	2.57134
	3.4	34	2.41233
	3.41	34.1	2.25233
	3.42	34.2	2.09136
	3.43	34.3	1.9294
	3.44	34.4	1.76647
	3.45	34.5	1.60255
	3.46	34.6	1.43766
	3.47	34.7	1.27178
	3.48	34.8	1.10493
	3.49	34.9	0.937093
	3.5	35	0.768278
	3.51	35.1	0.598483
	3.52	35.2	0.427708
	3.53	35.3	0.255954
	3.54	35.4	0.0832186
